,BTC,ETH,LUNA,SOL,ADA,BNB
2020-08-21,11531.34,387.97,0.4314,0.12315,2.9317,22.0988
2020-08-22,11662.96,395.24,0.4712,0.12515,3.0126,22.2044
2020-08-23,11648.13,390.71,0.4821,0.12141,3.25,21.8555
2020-08-24,11748.2,407.68,0.5315,0.12361,3.3405,22.5953
2020-08-25,11318.42,382.93,0.4619,0.11239,3.25,21.3882
2020-08-26,11461.43,385.81,0.498,0.11435,3.5684,22.1999
2020-08-27,11330.38,383.27,0.5046,0.10725,3.4501,23.1127
2020-08-28,11526.91,395.11,0.5662,0.10927,4.0063,23.0811
2020-08-29,11465.84,398.65,0.538,0.11623,3.9535,22.9398
2020-08-30,11711.16,428.94,0.5326,0.11747,4.4309,23.6208
2020-08-31,11649.51,433.79,0.5097,0.12253,4.7435,23.1477
2020-09-01,11921.97,475.4,0.4808,0.12445,4.3397,24.7028
2020-09-02,11388.54,439.5,0.4428,0.11489,4.17,24.7652
2020-09-03,10140.85,381.4,0.3778,0.09446,3.5051,20.3592
2020-09-04,10446.25,385.26,0.3685,0.10156,3.5301,20.9712
2020-09-05,10166.69,335.01,0.3264,0.09,2.6052,19.4698
2020-09-06,10256.2,352.8,0.3325,0.0926,3.0941,23.142
2020-09-07,10373.44,353.59,0.3257,0.0936,2.9237,22.4426
2020-09-08,10126.65,337.39,0.3165,0.09101,2.468,23.2837
2020-09-09,10219.2,350.85,0.3167,0.09331,3.6001,24.4716
2020-09-10,10336.87,367.93,0.3498,0.09709,3.4761,24.5489
2020-09-11,10387.89,373.63,0.3384,0.09701,3.3965,25.399
2020-09-12,10440.92,387.78,0.3294,0.09771,3.3316,28.505
2020-09-13,10332.83,366.42,0.3088,0.09507,3.2603,31.1656
2020-09-14,10671.77,377.12,0.3194,0.09663,3.2641,31.2523
2020-09-15,10785.31,364.06,0.335,0.09313,2.9295,27.1181
2020-09-16,10954.01,365.11,0.3206,0.09151,2.5327,27.8695
2020-09-17,10939.99,389.36,0.3119,0.09408,2.8829,27.095
2020-09-18,10933.39,384.39,0.3196,0.09093,3.1144,27.629
2020-09-19,11080.65,385.25,0.3179,0.09141,3.031,27.2035
2020-09-20,10920.28,371.04,0.3094,0.08936,2.8628,26.316
2020-09-21,10417.22,340.36,0.2884,0.07983,2.7672,23.1232
2020-09-22,10529.61,344.21,0.3003,0.08146,2.9082,24.0468
2020-09-23,10241.46,320.72,0.2909,0.07663,2.8548,22.8331
2020-09-24,10736.32,348.97,0.3029,0.08254,3.1433,24.5745
2020-09-25,10686.67,351.92,0.324,0.09693,3.1937,24.6924
2020-09-26,10728.6,353.92,0.3154,0.09547,3.1287,26.1998
2020-09-27,10774.25,357.49,0.3133,0.1013,3.1578,26.251
2020-09-28,10696.12,353.96,0.3223,0.1003,2.9599,26.9855
2020-09-29,10840.48,359.79,0.3344,0.1011,2.9505,28.8946
2020-09-30,10776.59,359.83,0.3348,0.10136,2.8967,29.2656
2020-10-01,10619.13,352.85,0.3174,0.09804,2.8669,27.4673
2020-10-02,10570.4,345.6,0.3289,0.09286,2.6232,27.3369
2020-10-03,10542.06,345.95,0.3101,0.09328,2.5439,28.1867
2020-10-04,10666.63,352.37,0.3013,0.09686,2.5202,28.9668
2020-10-05,10792.21,353.62,0.3107,0.09738,2.6522,28.6158
2020-10-06,10599.66,340.75,0.2941,0.09289,2.174,27.6812
2020-10-07,10666.39,341.58,0.304,0.09374,2.3005,27.6898
2020-10-08,10925.57,350.95,0.301,0.09632,2.3638,27.7424
2020-10-09,11050.64,365.02,0.3183,0.10129,2.5314,28.4076
2020-10-10,11293.22,370.52,0.3082,0.10493,2.3999,28.4414
2020-10-11,11369.02,374.16,0.322,0.10648,2.4227,28.5271
2020-10-12,11528.25,386.51,0.3274,0.10945,2.5836,30.6503
2020-10-13,11420.56,381.04,0.3171,0.10925,2.4062,30.7256
2020-10-14,11417.89,378.69,0.3201,0.10703,2.3107,30.838
2020-10-15,11505.12,377.64,0.3249,0.10666,2.2682,31.3256
2020-10-16,11319.32,365.5,0.319,0.10414,2.1398,30.0516
2020-10-17,11360.2,368.32,0.3178,0.10598,2.2053,30.2414
2020-10-18,11503.14,378.11,0.3133,0.10735,2.215,30.6593
2020-10-19,11751.47,379.3,0.3206,0.10859,2.0592,29.9107
2020-10-20,11909.99,368.52,0.3094,0.10238,1.885,28.8227
2020-10-21,12780.96,390.38,0.3127,0.10589,1.8887,29.7329
2020-10-22,12968.52,413.98,0.3151,0.11077,1.9582,30.6396
2020-10-23,12923.07,409.11,0.3163,0.10805,1.959,30.6377
2020-10-24,13111.73,412.14,0.3118,0.10797,1.9142,30.6639
2020-10-25,13028.83,405.86,0.3081,0.10639,1.7926,30.128
2020-10-26,13052.19,392.52,0.3047,0.10306,1.6799,31.0467
2020-10-27,13636.17,403.45,0.31,0.10256,1.711,31.4826
2020-10-28,13266.4,388.23,0.3089,0.09869,1.518,30.3338
2020-10-29,13455.7,387.13,0.3015,0.09531,1.4327,29.8702
2020-10-30,13560.1,382.49,0.3042,0.0933,1.4381,28.4909
2020-10-31,13791.0,386.46,0.3032,0.093,1.5497,28.5058
2020-11-01,13761.5,396.67,0.3003,0.09827,1.608,28.5318
2020-11-02,13549.37,383.02,0.2866,0.09221,1.4738,27.7983
2020-11-03,14023.53,387.88,0.2906,0.09357,1.4118,26.8638
2020-11-04,14144.01,402.49,0.2846,0.0955,1.3912,26.96
2020-11-05,15590.02,416.69,0.2949,0.09752,1.4007,27.6875
2020-11-06,15579.92,455.91,0.3063,0.1091,1.9,29.0435
2020-11-07,14818.3,435.21,0.2912,0.10128,2.0215,27.7651
2020-11-08,15475.1,454.3,0.3036,0.10655,2.1558,28.4101
2020-11-09,15328.41,444.32,0.2978,0.10561,2.0299,28.0941
2020-11-10,15297.21,450.34,0.3086,0.1059,2.2661,28.2188
2020-11-11,15684.24,463.09,0.3202,0.10599,2.0,28.016
2020-11-12,16291.86,462.39,0.3173,0.1046,1.9089,27.6874
2020-11-13,16320.7,476.43,0.3193,0.10629,2.0141,28.1974
2020-11-14,16070.45,460.89,0.3053,0.10411,1.9182,27.9311
2020-11-15,15957.0,448.08,0.3078,0.10046,2.0407,27.6786
2020-11-16,16713.57,460.55,0.3125,0.10387,2.2626,27.9451
2020-11-17,17659.38,482.15,0.3123,0.10947,2.1998,28.5552
2020-11-18,17776.12,478.41,0.3163,0.10658,2.1153,28.0931
2020-11-19,17802.82,471.25,0.3237,0.1059,2.085,28.1387
2020-11-20,18655.67,510.12,0.3436,0.11828,2.1033,28.9715
2020-11-21,18703.8,552.35,0.3477,0.13334,2.3822,30.5161
2020-11-22,18414.43,560.03,0.3492,0.14599,2.1514,30.0226
2020-11-23,18368.0,608.58,0.3795,0.15445,2.2786,30.995
2020-11-24,19160.01,604.97,0.4131,0.16721,2.2823,33.9407
2020-11-25,18719.11,569.5,0.4063,0.15473,2.2661,31.2953
2020-11-26,17149.47,519.83,0.3489,0.13843,1.9111,28.2356
2020-11-27,17139.52,518.68,0.3832,0.14178,1.861,28.4606
2020-11-28,17719.85,537.52,0.3851,0.16489,1.8868,29.1766
2020-11-29,18184.99,576.3,0.3807,0.16663,1.9153,30.1045
2020-11-30,19695.87,616.66,0.3998,0.17204,1.9665,31.4935
2020-12-01,18764.96,585.26,0.3887,0.15562,1.9738,30.1996
2020-12-02,19204.09,596.89,0.409,0.15845,2.1209,30.2875
2020-12-03,19421.9,615.85,0.5027,0.16398,2.0967,30.7065
2020-12-04,18650.52,567.24,0.4505,0.14781,1.8535,29.0231
2020-12-05,19147.66,596.8,0.5103,0.15993,1.9795,29.728
2020-12-06,19359.4,601.54,0.5018,0.15873,1.8505,29.5026
2020-12-07,19166.9,591.28,0.5078,0.15401,1.8272,29.37
2020-12-08,18324.11,554.94,0.4726,0.1412,1.6631,27.6705
2020-12-09,18541.28,573.09,0.4914,0.14796,1.6592,28.1452
2020-12-10,18254.63,558.99,0.4751,0.14188,1.5683,27.6926
2020-12-11,18036.53,544.43,0.464,0.13926,1.4389,27.3419
2020-12-12,18808.69,568.04,0.4824,0.14438,1.4912,28.1603
2020-12-13,19174.99,590.7,0.4803,0.15406,1.5701,29.1571
2020-12-14,19273.14,586.29,0.4728,0.15877,1.5946,30.0338
2020-12-15,19426.43,588.64,0.4796,0.15381,1.7586,29.5053
2020-12-16,21335.52,637.18,0.5054,0.16814,1.7829,30.5577
2020-12-17,22797.16,642.7,0.484,0.16336,1.68,30.2255
2020-12-18,23107.39,653.85,0.5326,0.16502,1.7014,30.9882
2020-12-19,23821.61,658.03,0.5378,0.16433,1.6707,33.3167
2020-12-20,23455.52,638.18,0.4888,0.16201,1.5635,34.3148
2020-12-21,22719.71,607.58,0.4679,0.15278,1.5331,32.05
2020-12-22,23810.79,636.45,0.5087,0.15646,1.49,33.5151
2020-12-23,23232.76,585.56,0.4595,0.13635,1.198,31.1843
2020-12-24,23729.2,612.31,0.5186,0.15304,1.3612,32.4895
2020-12-25,24712.47,626.82,0.5387,0.15761,1.4464,33.1996
2020-12-26,26493.39,637.44,0.5413,0.15839,1.3258,33.6361
2020-12-27,26281.66,685.11,0.5518,0.15467,1.3037,33.674
2020-12-28,27079.41,730.41,0.6195,0.17627,1.5172,35.951
2020-12-29,27385.0,732.0,0.648,0.19067,1.6704,39.0667
2020-12-30,28875.54,752.17,0.6675,0.18389,1.535,38.1558
2020-12-31,28923.63,736.42,0.654,0.18134,1.5073,37.3588
2021-01-01,29331.69,728.91,0.648,0.17509,1.8421,37.7762
2021-01-02,32178.33,774.56,0.6299,0.17742,1.7999,38.2331
2021-01-03,33000.05,978.28,0.6583,0.20615,2.1779,41.2575
2021-01-04,31988.71,1041.43,0.6672,0.22528,2.4909,41.1333
2021-01-05,33949.53,1099.56,0.7143,0.25873,2.1636,41.8219
2021-01-06,36769.36,1208.42,0.7135,0.33309,1.9414,42.2417
2021-01-07,39432.28,1224.87,0.8572,0.29928,2.3635,43.5728
2021-01-08,40582.81,1216.93,0.8479,0.30389,3.2214,42.356
2021-01-09,40088.22,1276.0,0.8137,0.33062,3.3829,43.8479
2021-01-10,38150.02,1254.25,0.8435,0.30153,3.449,42.4031
2021-01-11,35404.47,1087.01,0.7371,0.2757,3.1016,38.1674
2021-01-12,34051.24,1050.16,0.7481,0.28888,3.6354,38.2541
2021-01-13,37371.38,1129.89,0.8213,0.3123,3.5242,40.1114
2021-01-14,39144.5,1231.62,0.8326,0.31201,3.2921,41.8723
2021-01-15,36742.22,1168.53,0.792,0.30188,3.2475,40.8668
2021-01-16,35994.98,1227.83,0.7605,0.35071,3.4247,43.142
2021-01-17,35828.61,1232.45,0.8074,0.38081,3.8268,45.8675
2021-01-18,36631.27,1258.45,0.801,0.37123,3.7868,45.3412
2021-01-19,35891.49,1365.36,0.9102,0.3672,3.6287,42.5241
2021-01-20,35468.23,1376.99,0.9033,0.37532,3.7166,42.6069
2021-01-21,30850.13,1110.96,0.7933,0.30785,2.9899,38.6343
2021-01-22,32945.17,1232.62,0.8122,0.34867,3.3352,40.8936
2021-01-23,32078.0,1233.6,0.9023,0.34583,3.5079,40.9109
2021-01-24,32259.9,1392.51,0.9076,0.35345,3.6278,41.8263
2021-01-25,32254.2,1317.88,0.8697,0.34308,3.7038,41.8347
2021-01-26,32467.77,1365.97,1.264,0.3433,4.041,41.8396
2021-01-27,30366.15,1239.03,1.1204,0.31144,3.675,40.8826
2021-01-28,33364.86,1329.69,1.4528,0.34409,3.81,42.5254
2021-01-29,34252.2,1379.5,1.4736,0.34752,3.8293,42.8618
2021-01-30,34262.88,1378.05,1.4347,0.364,4.228,44.7849
2021-01-31,33092.98,1312.55,1.458,0.34475,4.2525,44.3292
2021-02-01,33526.37,1374.17,1.7999,0.40876,4.6148,51.4781
2021-02-02,35466.24,1511.87,2.3569,0.42498,5.2331,51.0071
2021-02-03,37618.87,1664.49,2.1114,0.44189,5.7311,52.12
2021-02-04,36936.66,1595.67,2.6665,0.43934,6.4085,55.9599
2021-02-05,38290.24,1719.19,2.879,0.53917,6.7005,67.7005
2021-02-06,39186.94,1676.35,2.6928,0.63444,6.1225,72.8356
2021-02-07,38795.69,1611.62,3.082,0.66109,6.6976,68.3542
2021-02-08,46374.87,1750.15,5.7743,0.67638,7.855,79.8374
2021-02-09,46420.42,1769.13,6.4663,0.70562,7.8005,107.3469
2021-02-10,44807.58,1740.78,6.0925,0.93966,9.09,128.9711
2021-02-11,47969.51,1785.62,5.4899,0.92796,9.2004,124.085
2021-02-12,47287.6,1840.26,5.733,0.92426,9.2,136.6139
2021-02-13,47153.69,1814.96,5.5986,0.91299,8.7441,133.3496
2021-02-14,48577.79,1800.42,5.6367,0.84364,8.7158,135.8623
2021-02-15,47911.1,1779.25,5.4548,0.86143,8.8516,130.303
2021-02-16,49133.45,1781.99,6.5204,0.87,8.3002,130.183
2021-02-17,52119.71,1849.88,7.2723,0.89206,8.2357,165.3233
2021-02-18,51552.6,1939.61,6.6966,0.91442,8.9771,195.6
2021-02-19,55906.0,1955.0,6.3101,0.92581,11.4912,333.111
2021-02-20,55841.19,1913.0,5.9411,1.11568,9.9869,253.0
2021-02-21,57408.57,1933.53,6.1207,1.09894,11.0753,295.2597
2021-02-22,54087.67,1777.58,7.0715,1.09703,14.4191,267.5147
2021-02-23,48891.0,1577.89,6.7359,0.96197,15.2244,231.3646
2021-02-24,49676.2,1623.39,6.6649,1.04902,17.1691,254.5056
2021-02-25,47073.73,1481.75,5.9804,1.07691,13.8442,234.9146
2021-02-26,46276.87,1444.59,5.8955,1.24303,13.5962,221.717
2021-02-27,46106.43,1458.13,5.9,1.31402,13.1916,225.3853
2021-02-28,45135.66,1419.18,5.3531,1.31203,13.0887,210.2138
2021-03-01,49587.03,1569.86,6.7453,1.29627,14.9855,254.9637
2021-03-02,48440.65,1486.78,6.4727,1.2228,13.9438,239.6841
2021-03-03,50349.37,1567.69,7.2027,1.21311,14.0742,240.5701
2021-03-04,48374.09,1539.23,7.4731,1.11239,13.0508,229.6369
2021-03-05,48751.71,1528.31,8.4619,1.15908,12.5382,225.4714
2021-03-06,48882.2,1650.35,8.2421,1.129,13.0421,226.3814
2021-03-07,50971.75,1726.16,8.2405,1.13042,13.8174,240.11
2021-03-08,52375.17,1833.18,9.6833,1.11848,13.6028,240.5509
2021-03-09,54884.5,1870.51,11.6362,1.1972,14.839,293.2052
2021-03-10,55851.59,1795.12,11.1176,1.13261,14.2048,278.4499
2021-03-11,57773.16,1825.78,10.8116,1.1243,16.031,290.0301
2021-03-12,57221.72,1766.1,14.1396,1.03207,14.5597,263.2201
2021-03-13,61188.39,1922.35,14.5939,1.1,15.3033,276.2822
2021-03-14,58968.31,1848.1,15.8063,1.05243,14.4605,263.238
2021-03-15,55605.2,1793.48,16.2689,1.03103,14.1577,254.5144
2021-03-16,56900.75,1805.12,19.8812,1.24924,13.6392,258.5352
2021-03-17,58912.97,1823.58,18.5092,1.377,14.2018,269.7896
2021-03-18,57648.16,1776.08,18.9211,1.22925,14.204,261.4816
2021-03-19,58030.01,1809.1,19.8444,1.29474,14.1552,262.935
2021-03-20,58102.28,1806.1,20.8382,1.20046,14.1894,264.3023
2021-03-21,57351.56,1782.98,21.9,1.18561,14.3372,264.6513
2021-03-22,54083.25,1680.97,19.3166,1.1015,14.7964,254.7976
2021-03-23,54340.89,1668.08,16.9419,1.11639,14.1552,255.4646
2021-03-24,52303.65,1581.84,16.5182,1.06902,13.5973,248.5236
2021-03-25,51293.78,1585.74,16.3683,1.0956,12.9787,233.9466
2021-03-26,55025.59,1698.84,18.3741,1.2142,14.7664,255.2105
2021-03-27,55817.14,1712.63,18.6553,1.17678,16.4589,269.2234
2021-03-28,55777.63,1687.01,18.5337,1.18983,18.0645,268.4263
2021-03-29,57635.47,1816.74,18.8812,1.20239,18.9504,275.2991
2021-03-30,58746.57,1840.46,18.6148,1.21189,19.0685,311.2962
2021-03-31,58740.55,1919.37,18.6631,1.19191,19.3861,302.3724
2021-04-01,58720.44,1968.05,18.4204,1.18377,19.0443,334.7991
2021-04-02,58950.01,2133.69,18.465,1.18998,19.7501,338.2932
2021-04-03,57051.94,2008.52,17.9961,1.16238,22.5,321.9497
2021-04-04,58202.01,2075.69,18.1678,1.18206,23.7755,348.8617
2021-04-05,59129.99,2107.38,17.55,1.2118,22.9717,368.0263
2021-04-06,57991.15,2112.21,16.7024,1.252,25.0548,403.3648
2021-04-07,55953.45,1963.47,15.4273,1.17359,26.5385,375.5538
2021-04-08,58077.52,2080.46,15.7548,1.21926,26.9384,418.7048
2021-04-09,58142.54,2066.87,15.6583,1.20201,27.6172,453.9937
2021-04-10,59769.13,2133.49,15.4779,1.21747,26.8021,471.2975
2021-04-11,60002.43,2151.36,15.1147,1.26355,27.8517,525.9275
2021-04-12,59860.0,2137.69,14.6219,1.31431,28.5424,596.7104
2021-04-13,63575.0,2299.19,15.6306,1.41246,27.4507,551.6442
2021-04-14,62959.53,2432.6,15.2808,1.45092,26.4067,550.0182
2021-04-15,63159.98,2514.04,16.8568,1.4782,27.7816,541.8824
2021-04-16,61334.8,2422.67,15.7406,1.40989,25.2996,508.2743
2021-04-17,60006.66,2317.6,15.183,1.36802,24.85,514.6861
2021-04-18,56150.01,2235.64,13.3824,1.27693,32.3358,481.4367
2021-04-19,55633.14,2161.12,13.8406,1.1945,31.4711,504.0322
2021-04-20,56425.0,2330.03,13.4266,1.26689,31.7028,586.3635
2021-04-21,53787.63,2357.06,13.2436,1.20358,32.5534,543.6327
2021-04-22,51690.96,2397.94,13.6277,1.144,38.9,505.2411
2021-04-23,51125.14,2367.39,14.1,1.15866,37.3893,526.5357
2021-04-24,50047.84,2213.35,15.5905,1.10287,40.8401,496.992
2021-04-25,49066.77,2320.49,17.713,1.0913,47.405,505.0
2021-04-26,54001.39,2532.6,17.626,1.2375,43.878,535.33
2021-04-27,55011.97,2666.13,17.685,1.3063,43.147,568.78
2021-04-28,54846.22,2748.24,16.825,1.3379,44.833,562.78
2021-04-29,53555.0,2757.04,16.241,1.3063,42.484,599.7
2021-04-30,57694.27,2772.42,16.689,1.3532,42.786,622.65
2021-05-01,57800.37,2944.77,16.548,1.3516,49.67,620.0
2021-05-02,56578.21,2949.56,17.144,1.3267,46.897,621.78
2021-05-03,57169.39,3431.04,17.244,1.3622,45.912,676.15
2021-05-04,53200.01,3239.01,16.286,1.2698,42.636,609.3
2021-05-05,57436.11,3524.26,17.023,1.4798,44.98,651.1
2021-05-06,56393.68,3489.73,16.776,1.6491,43.496,633.99
2021-05-07,57314.75,3479.53,16.545,1.653,43.182,624.3
2021-05-08,58862.05,3910.26,16.991,1.6211,45.612,646.1
2021-05-09,58240.84,3923.95,16.992,1.7663,44.33,661.74
2021-05-10,55816.14,3945.88,15.85,1.6423,42.854,631.1
2021-05-11,56670.02,4173.45,16.31,1.7632,44.538,671.91
2021-05-12,49631.32,3823.21,14.619,1.5694,43.709,594.65
2021-05-13,49670.97,3717.91,15.911,1.9296,41.049,571.1
2021-05-14,49841.45,4075.01,16.403,2.0069,42.7,602.61
2021-05-15,46762.99,3646.68,15.21,2.1744,43.486,563.41
2021-05-16,46431.5,3582.1,16.168,2.3002,46.85,564.32
2021-05-17,43538.04,3282.51,14.953,2.0307,46.708,512.07
2021-05-18,42849.78,3375.07,15.658,2.0036,55.977,507.88
2021-05-19,36690.09,2438.92,9.477,1.4663,34.988,334.8
2021-05-20,40526.64,2768.62,10.35,1.8006,44.42,391.17
2021-05-21,37252.01,2430.98,8.262,1.5493,38.925,326.01
2021-05-22,37449.73,2294.87,6.594,1.4629,31.222,299.76
2021-05-23,34655.25,2096.39,4.086,1.3139,24.536,260.72
2021-05-24,38796.29,2648.43,6.636,1.55,31.416,345.64
2021-05-25,38324.72,2705.11,6.657,1.5532,29.973,343.18
2021-05-26,39241.91,2884.94,7.337,1.7791,35.43,379.16
2021-05-27,38529.98,2742.23,6.711,1.6552,33.747,369.67
2021-05-28,35663.49,2412.1,5.902,1.5133,28.989,328.82
2021-05-29,34605.15,2278.74,5.491,1.4029,27.388,305.04
2021-05-30,35641.27,2385.98,6.203,1.5751,28.588,325.57
2021-05-31,37253.81,2706.15,6.546,1.7373,32.75,353.33
2021-06-01,36693.09,2634.57,6.294,1.7363,30.938,362.39
2021-06-02,37568.68,2706.22,6.832,1.7534,33.994,401.54
2021-06-03,39246.79,2857.25,7.677,1.8453,39.602,428.48
2021-06-04,36829.0,2689.51,6.373,1.7077,37.338,390.7
2021-06-05,35513.2,2627.73,6.04,1.6551,39.633,390.08
2021-06-06,35796.31,2711.92,6.252,1.6771,42.205,393.73
2021-06-07,33552.79,2592.05,5.59,1.5659,38.235,357.96
2021-06-08,33380.81,2507.23,5.599,1.5819,41.245,352.5
2021-06-09,37388.05,2610.18,6.021,1.6279,42.032,375.54
2021-06-10,36675.72,2471.09,6.141,1.5328,41.105,351.94
2021-06-11,37331.98,2354.01,5.562,1.4371,36.157,345.75
2021-06-12,35546.11,2370.74,5.5,1.4789,36.476,343.7
2021-06-13,39020.57,2509.33,6.05,1.5566,38.706,365.8
2021-06-14,40516.29,2580.77,6.198,1.5769,39.694,370.19
2021-06-15,40144.04,2543.54,6.581,1.5552,39.536,366.48
2021-06-16,38349.01,2367.89,6.175,1.4851,39.728,347.22
2021-06-17,38092.97,2373.28,6.158,1.4826,39.265,352.85
2021-06-18,35819.84,2234.09,5.954,1.4163,36.82,337.16
2021-06-19,35483.72,2164.67,5.726,1.3839,35.19,334.01
2021-06-20,35600.16,2243.47,5.859,1.4263,35.257,339.08
2021-06-21,31608.93,1885.49,4.838,1.174,26.59,270.76
2021-06-22,32509.56,1879.28,4.728,1.1567,26.958,262.1
2021-06-23,33678.07,1968.14,5.19,1.2512,30.837,296.25
2021-06-24,34663.09,1989.52,5.477,1.3604,31.141,308.62
2021-06-25,31584.45,1808.82,5.05,1.2521,28.641,280.81
2021-06-26,32283.65,1829.64,5.201,1.2521,29.698,279.65
2021-06-27,34700.34,1982.28,5.417,1.338,31.897,290.87
2021-06-28,34494.89,2084.41,5.537,1.326,33.001,290.0
2021-06-29,35911.73,2165.33,6.008,1.373,33.97,300.79
2021-06-30,35045.0,2275.68,6.565,1.3853,35.51,303.71
2021-07-01,33504.69,2106.41,5.882,1.3313,33.271,287.43
2021-07-02,33786.55,2154.13,5.711,1.3946,34.0,287.17
2021-07-03,34669.13,2226.99,5.807,1.4045,34.498,298.13
2021-07-04,35286.51,2322.69,5.959,1.4615,34.28,307.62
2021-07-05,33690.14,2196.53,6.015,1.4039,32.908,302.02
2021-07-06,34220.01,2322.5,6.529,1.4157,34.226,319.92
2021-07-07,33862.12,2316.57,7.104,1.404,36.673,327.51
2021-07-08,32875.71,2116.33,6.708,1.327,33.142,310.14
2021-07-09,33815.81,2146.99,8.103,1.3504,33.315,317.09
2021-07-10,33502.87,2110.69,7.893,1.3356,31.693,316.12
2021-07-11,34258.99,2140.45,8.444,1.3485,32.182,322.16
2021-07-12,33086.63,2031.58,7.864,1.3126,30.77,316.12
2021-07-13,32729.77,1940.15,7.119,1.265,29.136,308.94
2021-07-14,32820.02,1994.58,6.933,1.2635,31.365,309.4
2021-07-15,31880.0,1919.51,6.665,1.2258,28.545,316.11
2021-07-16,31383.87,1876.26,6.56,1.1708,26.271,302.88
2021-07-17,31520.07,1899.59,6.495,1.1721,26.802,300.52
2021-07-18,31778.56,1891.64,6.483,1.1813,26.673,302.1
2021-07-19,30839.65,1818.73,5.97,1.1225,24.509,280.54
2021-07-20,29790.35,1786.03,5.867,1.0539,23.474,264.44
2021-07-21,32144.51,1995.5,6.602,1.1711,26.7,293.26
2021-07-22,32287.83,2024.56,7.334,1.1856,27.699,293.36
2021-07-23,33634.09,2124.25,7.886,1.2077,28.516,299.27
2021-07-24,34258.14,2184.75,8.476,1.2327,28.616,301.56
2021-07-25,35381.02,2189.79,8.251,1.2284,28.248,302.56
2021-07-26,37237.6,2228.08,8.502,1.2551,28.184,304.0
2021-07-27,39457.87,2299.49,9.516,1.2799,28.103,313.48
2021-07-28,40019.56,2300.9,10.981,1.2875,27.875,313.8
2021-07-29,40016.48,2382.92,11.047,1.2856,31.235,317.03
2021-07-30,42206.37,2461.81,10.85,1.3108,32.354,322.58
2021-07-31,41461.83,2531.05,10.735,1.3193,36.744,332.38
2021-08-01,39845.44,2555.69,11.966,1.3142,34.165,332.59
2021-08-02,39147.82,2606.93,12.325,1.3083,33.167,330.55
2021-08-03,38207.05,2509.04,14.771,1.3696,34.105,323.43
2021-08-04,39723.18,2724.78,14.519,1.3765,35.76,334.77
2021-08-05,40862.46,2826.99,14.558,1.3859,37.353,337.91
2021-08-06,42836.87,2891.58,14.519,1.4025,39.525,342.39
2021-08-07,44572.54,3160.31,14.616,1.4727,39.469,356.18
2021-08-08,43794.37,3011.85,13.415,1.4255,37.65,341.79
2021-08-09,46253.4,3160.52,13.928,1.4745,38.646,354.32
2021-08-10,45584.99,3141.66,16.7,1.678,40.64,371.92
2021-08-11,45511.0,3160.5,16.956,1.7934,41.621,390.96
2021-08-12,44399.0,3045.96,16.599,1.8324,41.102,385.66
2021-08-13,47800.0,3322.32,17.787,2.1386,44.83,410.76
2021-08-14,47068.51,3263.16,17.388,2.1878,44.14,408.67
2021-08-15,46973.82,3307.09,19.262,2.1667,53.531,414.05
2021-08-16,45901.29,3146.53,21.904,2.0714,62.016,415.72
2021-08-17,44695.95,3011.72,25.309,1.9239,64.123,401.8
2021-08-18,44705.29,3014.55,30.715,2.1043,72.663,396.15
2021-08-19,46760.62,3184.12,29.43,2.4411,72.764,431.27
2021-08-20,49322.47,3284.82,30.658,2.4557,78.643,454.93
2021-08-21,48821.87,3223.43,27.529,2.4341,73.801,448.74
2021-08-22,49239.22,3238.0,28.0,2.7049,72.775,448.68
2021-08-23,49488.85,3321.28,29.92,2.9152,75.623,499.06
2021-08-24,47674.01,3170.62,29.607,2.7187,70.527,471.62
2021-08-25,48973.32,3226.87,30.041,2.739,71.973,503.19
2021-08-26,46843.87,3093.2,26.97,2.528,74.92,478.1
2021-08-27,49069.9,3273.45,32.64,2.946,87.98,494.5
2021-08-28,48895.35,3244.48,35.05,2.847,96.22,486.2
2021-08-29,48767.83,3223.47,33.26,2.851,94.23,479.7
2021-08-30,46982.91,3229.64,33.44,2.734,110.25,460.3
2021-08-31,47100.89,3429.2,31.57,2.767,108.27,463.9
2021-09-01,48810.52,3826.82,31.75,2.869,110.71,489.4
2021-09-02,49246.64,3785.82,32.79,2.96,128.23,483.7
2021-09-03,49999.14,3938.11,31.72,2.966,146.4,488.5
2021-09-04,49915.64,3885.52,31.39,2.83,138.88,497.7
2021-09-05,51756.88,3950.29,34.45,2.91,142.0,504.8
2021-09-06,52663.9,3926.77,32.33,2.833,164.22,496.1
2021-09-07,46863.73,3434.57,27.92,2.514,173.46,418.7
2021-09-08,46048.31,3499.0,29.46,2.47,191.02,415.0
2021-09-09,46395.14,3424.93,30.6,2.518,187.9,421.3
2021-09-10,44850.91,3208.86,43.35,2.383,179.6,401.4
2021-09-11,45173.69,3267.21,39.19,2.638,179.04,405.1
2021-09-12,46025.24,3404.21,39.26,2.581,174.29,416.3
2021-09-13,44940.73,3285.35,37.18,2.402,169.53,399.1
2021-09-14,47111.52,3434.37,35.69,2.396,158.88,414.3
2021-09-15,48121.41,3613.55,36.71,2.505,158.79,431.3
2021-09-16,47737.82,3567.98,37.45,2.417,152.29,424.3
2021-09-17,47299.98,3399.81,34.46,2.35,147.58,406.6
2021-09-18,48292.74,3435.64,34.78,2.371,169.22,410.7
2021-09-19,47241.75,3328.62,32.92,2.283,152.76,408.6
2021-09-20,43015.62,2977.28,27.53,2.079,132.77,364.1
2021-09-21,40734.38,2765.9,25.16,1.986,124.29,344.4
2021-09-22,43543.61,3076.92,33.17,2.257,148.02,379.0
2021-09-23,44865.26,3152.5,36.16,2.327,149.91,383.5
2021-09-24,42810.57,2928.53,40.16,2.277,139.13,355.0
2021-09-25,42670.64,2921.73,37.87,2.3,136.06,349.6
2021-09-26,43160.9,3059.37,34.69,2.207,135.64,344.0
2021-09-27,42147.35,2925.59,36.8,2.13,136.35,335.5
2021-09-28,41026.54,2804.91,33.14,2.037,132.2,333.0
2021-09-29,41524.28,2850.45,34.15,2.066,135.25,367.7
2021-09-30,43824.1,3000.61,38.83,2.115,141.37,387.5
2021-10-01,48141.61,3309.91,37.76,2.256,161.56,421.5
2021-10-02,47634.9,3387.76,41.49,2.247,168.98,427.1
2021-10-03,48200.01,3417.73,42.79,2.251,172.98,430.5
2021-10-04,49224.94,3386.31,46.8,2.191,167.13,426.3
2021-10-05,51471.99,3515.27,44.66,2.233,164.62,442.1
2021-10-06,55315.0,3574.89,42.02,2.209,153.87,434.9
2021-10-07,53785.22,3587.47,46.58,2.278,154.26,438.5
2021-10-08,53951.43,3563.13,43.3,2.237,158.86,419.2
2021-10-09,54949.72,3574.82,42.5,2.268,156.84,421.9
2021-10-10,54659.0,3414.22,39.23,2.189,147.55,404.1
2021-10-11,57471.35,3542.12,39.15,2.171,144.77,413.1
2021-10-12,55996.93,3491.46,37.59,2.118,152.32,444.2
2021-10-13,57367.0,3607.42,36.6,2.19,148.04,470.8
2021-10-14,57347.94,3790.82,37.15,2.172,150.02,472.7
2021-10-15,61672.42,3868.99,36.98,2.218,163.18,474.5
2021-10-16,60875.57,3829.96,36.63,2.179,157.54,465.8
2021-10-17,61528.33,3846.85,36.18,2.158,160.12,470.9
2021-10-18,62009.84,3744.96,35.83,2.128,157.12,484.9
2021-10-19,64280.59,3877.03,37.71,2.11,155.78,488.1
2021-10-20,66001.41,4161.15,42.63,2.19,176.72,501.3
2021-10-21,62193.15,4052.99,40.95,2.137,190.5,470.9
2021-10-22,60688.22,3972.2,43.69,2.156,196.29,479.3
2021-10-23,61286.75,4167.12,43.12,2.166,197.75,485.5
2021-10-24,60852.22,4082.33,41.39,2.12,202.14,475.8
2021-10-25,63078.78,4220.37,42.86,2.144,209.7,485.1
2021-10-26,60328.81,4131.52,43.87,2.137,199.85,478.1
2021-10-27,58413.44,3922.0,39.91,1.912,184.49,448.7
2021-10-28,60575.89,4286.02,42.94,1.987,195.42,491.9
2021-10-29,62253.71,4418.89,45.69,2.015,200.41,530.3
2021-10-30,61859.19,4322.68,43.31,1.955,195.7,528.3
2021-10-31,61299.8,4287.21,42.89,1.964,202.49,524.6
2021-11-01,60911.11,4319.43,44.04,1.949,203.9,551.3
2021-11-02,63219.99,4589.89,44.75,1.971,220.82,554.4
2021-11-03,62896.48,4603.35,47.99,2.063,243.37,568.4
2021-11-04,61395.01,4532.32,51.9,1.983,247.07,558.7
2021-11-05,60937.12,4474.24,49.91,1.982,236.06,607.3
2021-11-06,61470.61,4518.0,51.17,2.005,258.44,637.7
2021-11-07,63273.59,4612.59,50.53,2.021,249.68,649.6
2021-11-08,67525.83,4807.98,54.14,2.125,248.26,653.5
2021-11-09,66947.66,4732.33,50.24,2.27,239.04,635.0
2021-11-10,64882.43,4628.78,48.73,2.097,233.09,614.1
2021-11-11,64774.26,4719.0,50.45,2.079,233.37,628.4
2021-11-12,64122.23,4665.46,49.55,2.045,228.48,626.9
2021-11-13,64380.0,4644.28,52.07,2.05,241.59,649.5
2021-11-14,65519.1,4626.5,51.07,2.04,238.64,650.8
2021-11-15,63606.74,4563.78,48.13,2.017,238.2,633.8
2021-11-16,60058.87,4209.76,43.24,1.874,219.04,588.7
2021-11-17,60344.87,4287.8,43.2,1.876,218.94,578.0
2021-11-18,56891.62,3996.9,40.28,1.786,195.01,531.8
2021-11-19,58052.24,4294.76,42.35,1.863,215.25,581.0
2021-11-20,59707.51,4412.17,45.23,1.922,217.63,604.3
2021-11-21,58622.02,4258.31,43.51,1.835,230.51,584.0
2021-11-22,56247.18,4085.97,41.09,1.776,215.59,559.3
2021-11-23,57541.27,4339.44,42.71,1.751,221.75,591.1
2021-11-24,57138.29,4269.36,38.56,1.666,205.7,590.3
2021-11-25,58960.36,4524.85,43.56,1.675,209.97,639.1
2021-11-26,53726.53,4041.2,41.13,1.533,192.42,587.3
2021-11-27,54721.03,4095.29,43.87,1.543,192.74,599.9
2021-11-28,57274.88,4294.78,50.11,1.594,200.69,611.3
2021-11-29,57776.25,4444.53,51.62,1.601,204.09,623.4
2021-11-30,56950.56,4630.26,59.59,1.554,208.53,622.5
2021-12-01,57184.07,4582.95,63.97,1.548,229.81,627.5
2021-12-02,56480.34,4511.21,66.28,1.719,233.6,619.9
2021-12-03,53601.05,4215.73,63.45,1.556,211.65,595.0
2021-12-04,49152.47,4117.25,75.15,1.42,200.67,568.6
2021-12-05,49396.33,4196.44,68.09,1.378,196.43,557.8
2021-12-06,50441.92,4347.59,66.95,1.42,193.56,587.5
2021-12-07,50588.95,4306.4,68.72,1.378,190.19,578.7
2021-12-08,50471.19,4436.91,75.1,1.396,194.61,607.2
2021-12-09,47545.59,4105.64,66.44,1.289,181.11,570.2
2021-12-10,47140.54,3897.94,60.86,1.211,167.39,552.4
2021-12-11,49389.99,4089.37,60.14,1.354,172.15,564.5
2021-12-12,50053.9,4130.0,61.98,1.346,172.8,570.3
2021-12-13,46702.75,3781.93,52.96,1.223,155.21,521.0
2021-12-14,48343.28,3858.99,60.19,1.266,161.26,528.1
2021-12-15,48864.98,4019.08,61.66,1.311,178.52,541.1
2021-12-16,47632.38,3958.11,64.24,1.24,176.86,526.2
2021-12-17,46131.2,3875.42,65.6,1.218,175.51,525.5
2021-12-18,46834.48,3959.93,74.23,1.242,182.78,533.9
2021-12-19,46681.23,3924.14,78.18,1.243,179.93,529.8
2021-12-20,46914.16,3944.73,82.06,1.237,173.9,524.0
2021-12-21,48889.88,4014.15,87.29,1.28,179.63,528.3
2021-12-22,48588.16,3979.51,85.38,1.327,178.4,533.6
2021-12-23,50838.81,4111.41,94.39,1.475,190.03,549.0
2021-12-24,50820.0,4046.36,95.78,1.392,190.36,542.1
2021-12-25,50399.66,4094.83,98.31,1.452,193.1,547.4
2021-12-26,50775.49,4063.56,99.58,1.455,197.81,546.4
2021-12-27,50701.44,4037.23,90.9,1.516,195.67,563.7
2021-12-28,47543.74,3792.75,85.16,1.4,177.32,534.2
2021-12-29,46464.66,3630.19,84.12,1.332,170.63,514.5
2021-12-30,47120.87,3709.27,84.73,1.359,172.52,518.5
2021-12-31,46216.93,3676.23,85.46,1.308,169.99,511.4
2022-01-01,47722.65,3765.54,91.69,1.38,179.06,527.3
2022-01-02,47286.18,3828.27,89.45,1.377,176.35,531.0
2022-01-03,46446.1,3765.89,88.85,1.319,170.15,511.9
2022-01-04,45832.01,3785.11,84.53,1.309,167.72,506.9
2022-01-05,43451.13,3540.63,78.47,1.23,154.52,474.1
2022-01-06,43082.31,3406.81,78.41,1.28,150.26,472.6
2022-01-07,41566.48,3199.24,68.8,1.21,136.45,448.1
2022-01-08,41679.74,3080.95,66.96,1.181,142.14,429.9
2022-01-09,41864.62,3151.97,74.47,1.17,140.82,438.7
2022-01-10,41822.49,3082.68,69.44,1.123,135.86,424.7
2022-01-11,42729.29,3239.72,73.48,1.187,140.2,463.6
2022-01-12,43902.66,3371.26,81.88,1.312,151.51,487.8
2022-01-13,42560.11,3240.61,78.34,1.233,146.14,475.2
2022-01-14,43059.96,3307.42,81.49,1.292,146.17,490.0
2022-01-15,43084.29,3326.04,87.19,1.291,147.64,494.5
2022-01-16,43071.66,3346.88,87.1,1.41,147.98,498.6
2022-01-17,42201.62,3209.67,77.09,1.603,139.8,475.2
2022-01-18,42352.12,3159.85,80.71,1.458,141.22,471.4
2022-01-19,41660.01,3084.02,81.1,1.337,135.25,461.9
2022-01-20,40680.91,3001.48,77.33,1.259,127.54,440.2
2022-01-21,36445.31,2568.15,64.73,1.12,112.27,383.9
2022-01-22,35071.42,2412.18,62.87,1.071,94.54,358.3
2022-01-23,36244.55,2539.01,69.75,1.124,99.78,383.9
2022-01-24,36660.35,2439.29,66.0,1.065,91.93,371.3
2022-01-25,36958.32,2458.83,62.87,1.043,94.67,385.1
2022-01-26,36809.34,2462.99,58.75,1.077,92.12,375.1
2022-01-27,37160.1,2424.25,54.15,1.042,89.51,389.9
2022-01-28,37716.56,2544.99,50.39,1.048,91.34,385.9
2022-01-29,38166.84,2601.43,50.94,1.059,96.13,389.3
2022-01-30,37881.76,2601.68,46.29,1.035,93.29,377.2
2022-01-31,38466.9,2686.94,52.16,1.051,99.49,374.3
2022-02-01,38694.59,2787.23,52.18,1.096,110.02,384.2
2022-02-02,36896.36,2680.67,47.56,1.027,101.88,366.9
2022-02-03,37311.61,2695.46,51.16,1.061,101.77,372.3
2022-02-04,41574.25,2994.99,53.93,1.138,112.62,399.5
2022-02-05,41382.59,3012.65,55.36,1.125,113.75,413.7
2022-02-06,42380.87,3054.99,56.08,1.143,115.28,419.9
2022-02-07,43839.99,3139.77,59.41,1.199,117.55,433.5
2022-02-08,44042.99,3116.69,57.26,1.176,113.45,407.8
2022-02-09,44372.72,3243.94,57.52,1.195,113.93,422.9
2022-02-10,43495.44,3072.49,52.18,1.15,106.17,414.7
2022-02-11,42373.73,2927.54,50.35,1.079,96.53,400.0
2022-02-12,42217.87,2918.88,52.15,1.059,95.96,403.6
2022-02-13,42053.66,2871.13,51.65,1.042,92.85,397.9
2022-02-14,42535.94,2929.75,53.8,1.049,96.37,403.4
2022-02-15,44544.86,3183.52,56.82,1.107,105.52,432.4
2022-02-16,43873.56,3122.3,56.04,1.082,101.86,427.3
2022-02-17,40515.7,2891.87,50.28,1.02,93.52,402.4
2022-02-18,39974.44,2779.48,50.59,0.995,89.86,399.2
2022-02-19,40079.17,2763.63,50.48,0.996,91.27,399.8
2022-02-20,38386.89,2621.99,49.34,0.931,90.72,380.6
2022-02-21,37008.16,2568.02,50.12,0.856,82.96,356.6
2022-02-22,38230.33,2636.29,54.74,0.888,86.38,374.3
2022-02-23,37250.01,2579.71,59.58,0.866,84.59,365.6
2022-02-24,38327.21,2596.2,65.15,0.853,89.36,361.2
2022-02-25,39219.17,2768.49,73.13,0.898,92.71,375.0
2022-02-26,39116.72,2779.47,78.13,0.887,90.23,373.7
2022-02-27,37699.07,2616.79,72.57,0.856,85.63,360.1
2022-02-28,43160.0,2920.95,91.35,0.962,99.68,395.6
2022-03-01,44421.2,2976.33,89.7,0.963,98.66,408.7
2022-03-02,43892.98,2947.3,92.29,0.939,100.68,409.3
2022-03-03,42454.0,2833.99,90.52,0.903,95.62,402.6
2022-03-04,39148.66,2622.1,83.44,0.844,88.32,374.2
2022-03-05,39397.96,2665.15,87.56,0.864,89.63,384.7
2022-03-06,38420.81,2551.29,79.2,0.823,84.57,375.0
2022-03-07,37988.0,2491.12,77.8,0.793,81.66,380.6
2022-03-08,38730.63,2575.97,85.28,0.802,82.32,381.4
2022-03-09,41941.71,2726.98,99.21,0.849,88.06,393.2
2022-03-10,39422.0,2606.7,101.16,0.807,82.87,372.0
2022-03-11,38729.57,2556.86,88.42,0.788,80.67,371.9
2022-03-12,38807.36,2568.8,86.05,0.789,81.38,372.4
2022-03-13,37777.34,2515.65,87.38,0.786,78.73,361.4
2022-03-14,39671.37,2589.41,94.87,0.802,81.22,373.4
2022-03-15,39280.33,2617.73,88.48,0.8,82.84,371.7
2022-03-16,41114.0,2773.81,89.15,0.838,87.77,385.4
2022-03-17,40917.9,2811.92,86.83,0.835,87.8,391.8
2022-03-18,41757.51,2938.92,88.54,0.851,89.8,397.2
2022-03-19,42201.13,2950.84,92.11,0.903,92.31,399.9
2022-03-20,41262.11,2861.38,90.62,0.879,88.62,390.8
2022-03-21,41002.25,2890.03,95.76,0.917,88.59,396.0
2022-03-22,42364.13,2969.64,93.06,0.975,90.43,404.3
2022-03-23,42882.76,3036.0,94.86,1.108,94.89,408.4
2022-03-24,43991.46,3110.76,93.64,1.131,102.32,414.2
2022-03-25,44313.16,3102.14,90.39,1.096,98.6,410.3
2022-03-26,44511.27,3145.0,91.37,1.152,101.73,415.8
2022-03-27,46827.76,3295.65,94.12,1.184,107.04,430.5
2022-03-28,47122.21,3332.92,97.18,1.17,105.75,430.2
2022-03-29,47434.8,3400.51,109.02,1.191,111.62,434.2
2022-03-30,47067.99,3385.79,106.04,1.189,120.82,442.1
2022-03-31,45510.34,3281.51,103.02,1.141,122.77,428.9
2022-04-01,46283.49,3455.21,105.9,1.165,134.52,447.7
2022-04-02,45811.0,3443.77,115.18,1.155,132.49,437.2
2022-04-03,46407.35,3521.91,112.87,1.186,136.9,450.4
2022-04-04,46580.51,3519.5,116.42,1.212,132.14,447.6
2022-04-05,45497.55,3406.99,116.27,1.171,126.87,444.7
2022-04-06,43170.47,3168.51,108.02,1.052,112.95,420.1
2022-04-07,43444.19,3227.19,103.52,1.089,118.48,436.0
2022-04-08,42252.01,3192.39,94.55,1.024,109.92,421.5
2022-04-09,42753.97,3258.57,97.41,1.045,112.96,426.6
2022-04-10,42158.85,3203.04,91.85,1.027,111.07,418.1
2022-04-11,39530.45,2979.74,82.52,0.92,99.67,394.6
2022-04-12,40074.94,3027.66,84.62,0.955,103.22,413.6
2022-04-13,41147.79,3118.28,87.92,0.974,104.94,423.4
2022-04-14,39942.38,3021.98,81.57,0.933,100.77,414.7
2022-04-15,40551.9,3040.56,80.39,0.956,101.31,417.3
2022-04-16,40378.71,3059.3,80.96,0.951,102.06,417.3
2022-04-17,39678.12,2988.06,77.19,0.914,100.15,406.6
2022-04-18,40801.13,3055.56,91.09,0.937,102.33,416.8
2022-04-19,41493.18,3101.77,95.46,0.952,108.51,422.3
2022-04-20,41358.19,3076.04,94.77,0.937,105.59,418.4
2022-04-21,40480.01,2983.58,90.8,0.91,101.78,404.9
2022-04-22,39709.18,2962.39,93.53,0.906,100.55,406.6
2022-04-23,39441.6,2933.03,89.28,0.886,100.63,401.1
2022-04-24,39450.13,2921.0,90.52,0.886,99.23,398.8
2022-04-25,40426.08,3006.62,96.93,0.8974,100.99,404.3
2022-04-26,38112.65,2809.67,88.43,0.8259,95.7,385.9
2022-04-27,39235.72,2888.96,89.03,0.8401,98.36,391.3
2022-04-28,39742.07,2936.93,89.14,0.8432,98.24,407.1
2022-04-29,38596.11,2817.13,85.08,0.8048,93.96,393.0
2022-04-30,37630.8,2726.66,78.09,0.7556,84.63,377.1
2022-05-01,38468.35,2824.81,82.23,0.7895,89.68,389.9
2022-05-02,38525.16,2856.54,84.27,0.7809,87.5,389.5
2022-05-03,37728.95,2781.7,82.5,0.7711,85.86,383.9
2022-05-04,39690.0,2940.64,86.18,0.8985,92.77,402.6
2022-05-05,36552.97,2747.97,82.35,0.7884,84.52,378.4
2022-05-06,36013.77,2692.85,77.3,0.7832,81.68,379.1
2022-05-07,35472.39,2635.34,68.13,0.7604,78.86,365.5
2022-05-08,34038.4,2519.71,64.26,0.7403,75.38,355.9
2022-05-09,30076.31,2228.55,30.29,0.6019,62.16,296.1
2022-05-10,31017.1,2342.05,17.46,0.6286,66.9,319.1
2022-05-11,29103.94,2084.99,1.0769,0.5187,50.9,271.5
2022-05-12,29029.75,1960.22,0.00032,0.4733,44.64,269.0
2022-05-13,29287.05,2009.69,5e-05,0.529,48.92,290.6
2022-05-14,30086.74,2056.48,,0.5372,52.43,296.9
2022-05-15,31328.89,2145.29,,0.5981,58.83,312.4
2022-05-16,29874.01,2023.66,,0.5569,53.79,297.2
2022-05-17,30444.93,2090.72,,0.5778,57.02,306.2
2022-05-18,28715.32,1915.11,,0.5059,49.93,287.7
2022-05-19,30319.23,2019.55,,0.5334,52.2,307.1
2022-05-20,29201.01,1959.08,,0.5162,49.43,302.2
2022-05-21,29445.06,1975.07,,0.5286,50.31,312.4
2022-05-22,30293.94,2043.19,,0.5416,52.48,319.4
2022-05-23,29109.15,1973.32,,0.5134,49.17,317.2
2022-05-24,29654.58,1979.41,,0.5219,49.67,328.3
2022-05-25,29542.15,1942.63,,0.5146,47.98,325.7
2022-05-26,29201.35,1792.23,,0.4789,43.44,303.0
2022-05-27,28629.8,1727.27,,0.4566,41.17,301.6
2022-05-28,29031.33,1792.22,,0.4646,44.25,307.5
2022-05-29,29468.1,1813.64,,0.482,44.98,305.8
2022-05-30,31734.22,1998.78,,0.5698,47.22,321.8
2022-05-31,31801.04,1941.9,8.87,0.6268,45.77,320.9
2022-06-01,29805.83,1817.95,6.5295,0.5516,40.11,300.4
2022-06-02,30452.62,1834.08,7.1025,0.5871,40.85,308.3
2022-06-03,29700.21,1775.12,6.4892,0.56,38.28,298.6
2022-06-04,29864.04,1804.58,6.3805,0.5665,39.0,301.3
2022-06-05,29919.21,1806.23,4.8767,0.5674,38.52,299.1
2022-06-06,31373.1,1859.84,4.9216,0.6091,42.39,295.1
2022-06-07,31125.33,1813.33,3.8277,0.6141,39.31,290.3
2022-06-08,30204.77,1791.88,2.1691,0.6408,38.83,288.5
2022-06-09,30109.93,1788.81,3.0854,0.6323,39.96,289.9
2022-06-10,29091.88,1662.91,2.8635,0.5744,37.17,286.4
2022-06-11,28424.7,1532.89,2.6147,0.554,33.93,269.9
2022-06-12,26574.53,1434.84,2.6,0.4904,30.61,254.8
2022-06-13,22487.41,1209.82,2.5391,0.4644,28.6,223.0
2022-06-14,22136.41,1208.9,2.5166,0.4831,29.59,223.0
2022-06-15,22583.72,1237.52,2.5309,0.5348,34.76,233.6
2022-06-16,20401.31,1068.5,2.255,0.4762,30.12,210.2
2022-06-17,20468.81,1086.94,2.2327,0.4872,30.71,215.8
2022-06-18,18970.79,995.13,1.865,0.4549,32.02,197.0
2022-06-19,20574.0,1128.53,2.1151,0.4848,34.19,215.1
2022-06-20,20573.89,1128.24,2.0371,0.4915,35.24,216.5
2022-06-21,20723.52,1125.85,2.0328,0.4813,36.42,220.1
2022-06-22,19987.99,1050.19,1.9176,0.4594,34.12,214.4
2022-06-23,21110.13,1144.72,1.9423,0.48,38.15,228.9
2022-06-24,21237.69,1225.02,1.9862,0.4981,41.91,240.2
2022-06-25,21491.19,1242.36,1.9917,0.4984,42.22,239.7
2022-06-26,21038.07,1197.79,2.0137,0.4899,39.39,233.9
2022-06-27,20742.56,1192.51,2.22,0.4856,38.52,233.8
2022-06-28,20281.29,1144.05,2.4339,0.4694,35.35,226.9
2022-06-29,20123.01,1100.21,2.622,0.4662,34.05,219.7
2022-06-30,19942.21,1071.01,2.1288,0.4599,33.76,219.6
2022-07-01,19279.8,1059.73,2.1396,0.4487,32.84,216.9
2022-07-02,19252.81,1067.01,2.1091,0.4559,33.36,218.3
2022-07-03,19315.83,1074.26,2.1528,0.4561,33.39,219.2
2022-07-04,20236.71,1151.0,2.2471,0.4695,36.71,231.5
2022-07-05,20175.83,1132.5,2.1628,0.4571,35.4,230.8
2022-07-06,20564.51,1186.57,2.1522,0.4623,37.04,238.6
2022-07-07,21624.98,1237.49,2.1926,0.4776,38.46,241.4
2022-07-08,21594.75,1214.04,2.2757,0.4661,38.12,240.7
2022-07-09,21591.83,1217.02,2.2637,0.478,38.06,243.3
2022-07-10,20862.47,1168.36,2.1122,0.4624,36.71,234.7
2022-07-11,19963.61,1096.4,1.887,0.4347,33.42,225.6
2022-07-12,19328.75,1038.58,1.8155,0.4171,32.68,220.6
2022-07-13,20234.87,1115.0,1.8118,0.4383,34.94,230.5
2022-07-14,20588.84,1193.42,1.77,0.4416,37.15,238.5
2022-07-15,20830.04,1231.25,1.81,0.4421,37.36,238.5
2022-07-16,21195.6,1355.85,1.8096,0.4578,39.58,249.8
2022-07-17,20798.16,1338.65,1.7678,0.4478,38.62,247.8
2022-07-18,22432.58,1581.04,2.0365,0.4904,43.52,264.1
2022-07-19,23396.62,1542.32,2.0006,0.5152,44.87,268.6
2022-07-20,23223.3,1521.58,1.9044,0.491,42.04,258.2
2022-07-21,23152.19,1575.45,1.9112,0.4993,43.11,265.6
2022-07-22,22684.83,1535.27,1.8523,0.4828,40.54,262.4
2022-07-23,22451.07,1548.67,1.856,0.517,39.97,259.2
2022-07-24,22579.68,1597.7,1.8627,0.512,40.93,261.4
2022-07-25,21310.9,1440.79,1.6788,0.4752,36.65,244.6
2022-07-26,21254.67,1449.12,1.7147,0.4677,36.25,249.4
2022-07-27,22952.45,1635.74,1.8093,0.5111,40.23,271.6
2022-07-28,23842.93,1724.52,1.8618,0.513,42.91,277.2
2022-07-29,23773.75,1721.68,1.9171,0.5218,41.91,293.6
2022-07-30,23643.51,1697.0,1.8612,0.5263,43.84,287.8
2022-07-31,23293.32,1678.12,1.88,0.5161,42.35,283.4
2022-08-01,23418.28,1695.67,2.3716,0.5198,42.1,287.8
