,Open,High,Low,Close,Volume,Market Cap
2020-08-21,0.53970000,0.53970000,0.40100000,0.43140000,2884153.28000000,2884153.28000000
2020-08-22,0.43170000,0.49870000,0.41200000,0.47120000,4198278.44000000,4198278.44000000
2020-08-23,0.46900000,0.49400000,0.45230000,0.48210000,10755011.03000000,10755011.03000000
2020-08-24,0.48210000,0.53340000,0.47920000,0.53150000,2243774.75000000,2243774.75000000
2020-08-25,0.53230000,0.53240000,0.44780000,0.46190000,2608675.14000000,2608675.14000000
2020-08-26,0.46190000,0.49830000,0.46030000,0.49800000,1831323.23000000,1831323.23000000
2020-08-27,0.49830000,0.51820000,0.47010000,0.50460000,3018123.53000000,3018123.53000000
2020-08-28,0.50330000,0.57000000,0.50170000,0.56620000,3694034.11000000,3694034.11000000
2020-08-29,0.56620000,0.56910000,0.51650000,0.53800000,2172028.16000000,2172028.16000000
2020-08-30,0.53800000,0.56300000,0.52220000,0.53260000,2697793.49000000,2697793.49000000
2020-08-31,0.53330000,0.53500000,0.50780000,0.50970000,2704706.10000000,2704706.10000000
2020-09-01,0.51050000,0.51060000,0.47450000,0.48080000,3953475.68000000,3953475.68000000
2020-09-02,0.48060000,0.48140000,0.41850000,0.44280000,3695631.01000000,3695631.01000000
2020-09-03,0.44280000,0.45000000,0.37000000,0.37780000,4072613.69000000,4072613.69000000
2020-09-04,0.37480000,0.38130000,0.35980000,0.36850000,3338968.01000000,3338968.01000000
2020-09-05,0.36890000,0.37770000,0.31830000,0.32640000,2996620.05000000,2996620.05000000
2020-09-06,0.32610000,0.33630000,0.31040000,0.33250000,3122558.17000000,3122558.17000000
2020-09-07,0.33250000,0.33780000,0.30710000,0.32570000,2699267.69000000,2699267.69000000
2020-09-08,0.32580000,0.32870000,0.30780000,0.31650000,2027110.78000000,2027110.78000000
2020-09-09,0.31620000,0.32910000,0.30840000,0.31670000,1831995.91000000,1831995.91000000
2020-09-10,0.31670000,0.38680000,0.31630000,0.34980000,4329407.69000000,4329407.69000000
2020-09-11,0.34970000,0.35700000,0.31410000,0.33840000,4030025.95000000,4030025.95000000
2020-09-12,0.33830000,0.33910000,0.31800000,0.32940000,5214097.92000000,5214097.92000000
2020-09-13,0.32910000,0.34830000,0.30010000,0.30880000,3657468.60000000,3657468.60000000
2020-09-14,0.30870000,0.32470000,0.30610000,0.31940000,1786079.78000000,1786079.78000000
2020-09-15,0.31930000,0.35500000,0.30530000,0.33500000,6603185.34000000,6603185.34000000
2020-09-16,0.33450000,0.36120000,0.31830000,0.32060000,6922022.93000000,6922022.93000000
2020-09-17,0.32020000,0.33090000,0.31000000,0.31190000,4116296.53000000,4116296.53000000
2020-09-18,0.31160000,0.33070000,0.30890000,0.31960000,4156463.87000000,4156463.87000000
2020-09-19,0.31960000,0.32260000,0.30580000,0.31790000,1752924.50000000,1752924.50000000
2020-09-20,0.31750000,0.32500000,0.30280000,0.30940000,1619967.79000000,1619967.79000000
2020-09-21,0.30930000,0.31610000,0.28800000,0.28840000,2278558.04000000,2278558.04000000
2020-09-22,0.28910000,0.30410000,0.28810000,0.30030000,1095021.61000000,1095021.61000000
2020-09-23,0.30050000,0.30380000,0.28990000,0.29090000,640287.05000000,640287.05000000
2020-09-24,0.29090000,0.30360000,0.28790000,0.30290000,1367873.82000000,1367873.82000000
2020-09-25,0.30340000,0.34110000,0.28980000,0.32400000,4969756.62000000,4969756.62000000
2020-09-26,0.32400000,0.33000000,0.31000000,0.31540000,1556314.86000000,1556314.86000000
2020-09-27,0.31480000,0.31840000,0.30930000,0.31330000,789126.33000000,789126.33000000
2020-09-28,0.31340000,0.34990000,0.31340000,0.32230000,2509797.04000000,2509797.04000000
2020-09-29,0.32210000,0.35790000,0.32180000,0.33440000,3732916.57000000,3732916.57000000
2020-09-30,0.33470000,0.34270000,0.32700000,0.33480000,1845947.92000000,1845947.92000000
2020-10-01,0.33460000,0.34020000,0.30980000,0.31740000,1894328.22000000,1894328.22000000
2020-10-02,0.31740000,0.33950000,0.28940000,0.32890000,3217498.12000000,3217498.12000000
2020-10-03,0.32880000,0.33240000,0.30830000,0.31010000,2381038.29000000,2381038.29000000
2020-10-04,0.31000000,0.31110000,0.29970000,0.30130000,644186.76000000,644186.76000000
2020-10-05,0.30100000,0.32880000,0.30020000,0.31070000,2472714.84000000,2472714.84000000
2020-10-06,0.31070000,0.32080000,0.29110000,0.29410000,1394959.67000000,1394959.67000000
2020-10-07,0.29400000,0.30450000,0.28700000,0.30400000,752055.15000000,752055.15000000
2020-10-08,0.30410000,0.30500000,0.29290000,0.30100000,926544.36000000,926544.36000000
2020-10-09,0.30100000,0.31930000,0.30100000,0.31830000,1188578.23000000,1188578.23000000
2020-10-10,0.31840000,0.32060000,0.30000000,0.30820000,1966877.33000000,1966877.33000000
2020-10-11,0.30810000,0.33800000,0.30240000,0.32200000,2032821.50000000,2032821.50000000
2020-10-12,0.32200000,0.33310000,0.31140000,0.32740000,1291992.77000000,1291992.77000000
2020-10-13,0.32740000,0.33950000,0.31140000,0.31710000,1348979.58000000,1348979.58000000
2020-10-14,0.31700000,0.33580000,0.31660000,0.32010000,2236569.81000000,2236569.81000000
2020-10-15,0.32010000,0.32860000,0.31600000,0.32490000,1271434.55000000,1271434.55000000
2020-10-16,0.32490000,0.32550000,0.30740000,0.31900000,1259728.41000000,1259728.41000000
2020-10-17,0.31870000,0.31870000,0.31400000,0.31780000,397370.78000000,397370.78000000
2020-10-18,0.31740000,0.31910000,0.31160000,0.31330000,306103.84000000,306103.84000000
2020-10-19,0.31330000,0.33050000,0.30920000,0.32060000,1915930.79000000,1915930.79000000
2020-10-20,0.32050000,0.32070000,0.30720000,0.30940000,968751.85000000,968751.85000000
2020-10-21,0.30940000,0.31910000,0.30740000,0.31270000,679283.88000000,679283.88000000
2020-10-22,0.31280000,0.31790000,0.31040000,0.31510000,645897.30000000,645897.30000000
2020-10-23,0.31500000,0.33000000,0.31120000,0.31630000,2117258.24000000,2117258.24000000
2020-10-24,0.31630000,0.32120000,0.30970000,0.31180000,777736.20000000,777736.20000000
2020-10-25,0.31150000,0.31310000,0.30590000,0.30810000,434541.70000000,434541.70000000
2020-10-26,0.30760000,0.32060000,0.29970000,0.30470000,1213067.17000000,1213067.17000000
2020-10-27,0.30440000,0.32050000,0.30360000,0.31000000,1476239.72000000,1476239.72000000
2020-10-28,0.31000000,0.32100000,0.30400000,0.30890000,2925330.02000000,2925330.02000000
2020-10-29,0.30890000,0.31220000,0.29990000,0.30150000,676085.17000000,676085.17000000
2020-10-30,0.30140000,0.31000000,0.29960000,0.30420000,1104291.46000000,1104291.46000000
2020-10-31,0.30370000,0.31050000,0.30270000,0.30320000,562474.79000000,562474.79000000
2020-11-01,0.30310000,0.30430000,0.29800000,0.30030000,758515.79000000,758515.79000000
2020-11-02,0.30050000,0.30250000,0.28480000,0.28660000,1667622.87000000,1667622.87000000
2020-11-03,0.28650000,0.29130000,0.27330000,0.29060000,1497226.78000000,1497226.78000000
2020-11-04,0.29070000,0.29130000,0.27860000,0.28460000,640882.18000000,640882.18000000
2020-11-05,0.28490000,0.29500000,0.28060000,0.29490000,823299.06000000,823299.06000000
2020-11-06,0.29530000,0.30800000,0.29400000,0.30630000,1347519.31000000,1347519.31000000
2020-11-07,0.30630000,0.31330000,0.28990000,0.29120000,2031776.21000000,2031776.21000000
2020-11-08,0.29120000,0.30810000,0.29100000,0.30360000,869000.14000000,869000.14000000
2020-11-09,0.30350000,0.30620000,0.29620000,0.29780000,1076793.68000000,1076793.68000000
2020-11-10,0.29760000,0.31140000,0.29350000,0.30860000,1570244.75000000,1570244.75000000
2020-11-11,0.30880000,0.33600000,0.30850000,0.32020000,4945725.94000000,4945725.94000000
2020-11-12,0.32070000,0.32750000,0.30790000,0.31730000,5465476.04000000,5465476.04000000
2020-11-13,0.31720000,0.32850000,0.31450000,0.31930000,2070467.38000000,2070467.38000000
2020-11-14,0.31930000,0.32030000,0.30330000,0.30530000,1851722.89000000,1851722.89000000
2020-11-15,0.30530000,0.31240000,0.29440000,0.30780000,3450601.75000000,3450601.75000000
2020-11-16,0.30770000,0.31820000,0.29230000,0.31250000,5105917.56000000,5105917.56000000
2020-11-17,0.31300000,0.32930000,0.30880000,0.31230000,2647222.05000000,2647222.05000000
2020-11-18,0.31200000,0.32340000,0.30520000,0.31630000,4152526.05000000,4152526.05000000
2020-11-19,0.31610000,0.33070000,0.31330000,0.32370000,3786258.57000000,3786258.57000000
2020-11-20,0.32380000,0.36000000,0.32310000,0.34360000,4559266.31000000,4559266.31000000
2020-11-21,0.34350000,0.35220000,0.33710000,0.34770000,2667210.54000000,2667210.54000000
2020-11-22,0.34770000,0.38000000,0.33610000,0.34920000,6937175.59000000,6937175.59000000
2020-11-23,0.34920000,0.40360000,0.34260000,0.37950000,10681925.80000000,10681925.80000000
2020-11-24,0.37950000,0.42610000,0.37060000,0.41310000,10134787.92000000,10134787.92000000
2020-11-25,0.41310000,0.43290000,0.39110000,0.40630000,8117559.62000000,8117559.62000000
2020-11-26,0.40630000,0.40730000,0.33820000,0.34890000,6832997.16000000,6832997.16000000
2020-11-27,0.34900000,0.40770000,0.34790000,0.38320000,5505333.95000000,5505333.95000000
2020-11-28,0.38340000,0.39090000,0.37670000,0.38510000,1133937.25000000,1133937.25000000
2020-11-29,0.38480000,0.38530000,0.37470000,0.38070000,1264232.72000000,1264232.72000000
2020-11-30,0.38020000,0.42460000,0.38020000,0.39980000,8769699.59000000,8769699.59000000
2020-12-01,0.39990000,0.42960000,0.38070000,0.38870000,7714730.05000000,7714730.05000000
2020-12-02,0.38830000,0.41000000,0.38110000,0.40900000,4298623.76000000,4298623.76000000
2020-12-03,0.40880000,0.50310000,0.40880000,0.50270000,18222642.35000000,18222642.35000000
2020-12-04,0.50270000,0.51050000,0.44930000,0.45050000,15767219.08000000,15767219.08000000
2020-12-05,0.45010000,0.51300000,0.44600000,0.51030000,10326197.17000000,10326197.17000000
2020-12-06,0.50940000,0.51050000,0.48370000,0.50180000,4381363.39000000,4381363.39000000
2020-12-07,0.50190000,0.51660000,0.49010000,0.50780000,4618352.27000000,4618352.27000000
2020-12-08,0.50780000,0.53130000,0.46620000,0.47260000,8031214.07000000,8031214.07000000
2020-12-09,0.47240000,0.52230000,0.46460000,0.49140000,7825525.51000000,7825525.51000000
2020-12-10,0.49200000,0.50130000,0.47000000,0.47510000,3995254.52000000,3995254.52000000
2020-12-11,0.47530000,0.48870000,0.45530000,0.46400000,4646634.89000000,4646634.89000000
2020-12-12,0.46380000,0.48900000,0.46150000,0.48240000,2323522.99000000,2323522.99000000
2020-12-13,0.48260000,0.49500000,0.47460000,0.48030000,2241273.48000000,2241273.48000000
2020-12-14,0.48070000,0.48170000,0.46910000,0.47280000,2099309.10000000,2099309.10000000
2020-12-15,0.47260000,0.47960000,0.46660000,0.47960000,1253793.53000000,1253793.53000000
2020-12-16,0.47960000,0.53420000,0.47870000,0.50540000,9022569.18000000,9022569.18000000
2020-12-17,0.50500000,0.53550000,0.47130000,0.48400000,9729016.77000000,9729016.77000000
2020-12-18,0.48410000,0.53680000,0.47890000,0.53260000,7392548.64000000,7392548.64000000
2020-12-19,0.53220000,0.54460000,0.52440000,0.53780000,2951208.22000000,2951208.22000000
2020-12-20,0.53780000,0.53780000,0.47850000,0.48880000,6517073.45000000,6517073.45000000
2020-12-21,0.48890000,0.52020000,0.44670000,0.46790000,9520434.75000000,9520434.75000000
2020-12-22,0.46750000,0.50920000,0.46110000,0.50870000,6444602.44000000,6444602.44000000
2020-12-23,0.50870000,0.51360000,0.45160000,0.45950000,5011117.86000000,5011117.86000000
2020-12-24,0.45950000,0.53660000,0.45000000,0.51860000,14694100.81000000,14694100.81000000
2020-12-25,0.51860000,0.56400000,0.51340000,0.53870000,5323966.38000000,5323966.38000000
2020-12-26,0.53850000,0.57390000,0.53780000,0.54130000,5939375.85000000,5939375.85000000
2020-12-27,0.54140000,0.57050000,0.52440000,0.55180000,9430101.23000000,9430101.23000000
2020-12-28,0.55180000,0.65450000,0.54700000,0.61950000,15349877.80000000,15349877.80000000
2020-12-29,0.61970000,0.70000000,0.60540000,0.64800000,14580067.93000000,14580067.93000000
2020-12-30,0.64810000,0.70900000,0.64190000,0.66750000,10848092.77000000,10848092.77000000
2020-12-31,0.66750000,0.68980000,0.62680000,0.65400000,5728195.99000000,5728195.99000000
2021-01-01,0.65390000,0.67370000,0.62980000,0.64800000,4478724.25000000,4478724.25000000
2021-01-02,0.64770000,0.64780000,0.61500000,0.62990000,4138788.46000000,4138788.46000000
2021-01-03,0.63020000,0.67840000,0.62450000,0.65830000,10490641.11000000,10490641.11000000
2021-01-04,0.65860000,0.72210000,0.62940000,0.66720000,16107163.90000000,16107163.90000000
2021-01-05,0.66820000,0.71850000,0.64540000,0.71430000,12962229.05000000,12962229.05000000
2021-01-06,0.71440000,0.72160000,0.69860000,0.71350000,5367868.40000000,5367868.40000000
2021-01-07,0.71350000,0.95650000,0.70750000,0.85720000,25856425.52000000,25856425.52000000
2021-01-08,0.85720000,0.89700000,0.82500000,0.84790000,11787310.07000000,11787310.07000000
2021-01-09,0.84840000,0.85000000,0.79800000,0.81370000,5982533.56000000,5982533.56000000
2021-01-10,0.81360000,0.88710000,0.81080000,0.84350000,11112482.90000000,11112482.90000000
2021-01-11,0.84360000,0.84460000,0.69740000,0.73710000,16849272.25000000,16849272.25000000
2021-01-12,0.73740000,0.83930000,0.71230000,0.74810000,12796741.25000000,12796741.25000000
2021-01-13,0.74720000,0.84830000,0.72180000,0.82130000,10642760.25000000,10642760.25000000
2021-01-14,0.82130000,0.90380000,0.80420000,0.83260000,12660847.46000000,12660847.46000000
2021-01-15,0.83320000,0.85370000,0.75700000,0.79200000,7596047.54000000,7596047.54000000
2021-01-16,0.79220000,0.81420000,0.75610000,0.76050000,5165627.88000000,5165627.88000000
2021-01-17,0.75940000,0.82930000,0.74760000,0.80740000,9156754.41000000,9156754.41000000
2021-01-18,0.80750000,0.82050000,0.78870000,0.80100000,4110835.89000000,4110835.89000000
2021-01-19,0.80090000,1.00310000,0.79250000,0.91020000,23354170.04000000,23354170.04000000
2021-01-20,0.91130000,0.94010000,0.86630000,0.90330000,8122580.75000000,8122580.75000000
2021-01-21,0.90410000,0.90610000,0.79290000,0.79330000,6480109.86000000,6480109.86000000
2021-01-22,0.79410000,0.86350000,0.77020000,0.81220000,8413795.22000000,8413795.22000000
2021-01-23,0.81210000,0.90250000,0.80470000,0.90230000,6505711.09000000,6505711.09000000
2021-01-24,0.90250000,0.92350000,0.85690000,0.90760000,8293572.38000000,8293572.38000000
2021-01-25,0.90760000,0.94200000,0.86820000,0.86970000,7606952.61000000,7606952.61000000
2021-01-26,0.86990000,1.37000000,0.86510000,1.26400000,80404308.92000000,80404308.92000000
2021-01-27,1.26470000,1.29500000,1.10660000,1.12040000,38276533.93000000,38276533.93000000
2021-01-28,1.12060000,1.58500000,1.10870000,1.45280000,60659454.69000000,60659454.69000000
2021-01-29,1.45250000,1.71000000,1.44700000,1.47360000,39120384.66000000,39120384.66000000
2021-01-30,1.47420000,1.57970000,1.39930000,1.43470000,21660315.62000000,21660315.62000000
2021-01-31,1.43460000,1.54000000,1.36760000,1.45800000,25029885.10000000,25029885.10000000
2021-02-01,1.45780000,1.94000000,1.41600000,1.79990000,38334820.93000000,38334820.93000000
2021-02-02,1.79990000,2.35690000,1.79880000,2.35690000,38910424.65000000,38910424.65000000
2021-02-03,2.35550000,2.50000000,2.01000000,2.11140000,41685641.82000000,41685641.82000000
2021-02-04,2.11050000,2.87450000,1.98270000,2.66650000,43438171.57000000,43438171.57000000
2021-02-05,2.66800000,3.03020000,2.65450000,2.87900000,20501508.34000000,20501508.34000000
2021-02-06,2.87900000,2.98130000,2.53330000,2.69280000,12746214.83000000,12746214.83000000
2021-02-07,2.69250000,3.15000000,2.46900000,3.08200000,22438890.10000000,22438890.10000000
2021-02-08,3.08200000,6.20000000,3.06100000,5.77430000,58737936.39000000,58737936.39000000
2021-02-09,5.76700000,8.44480000,4.83260000,6.46630000,66425086.13000000,66425086.13000000
2021-02-10,6.46400000,7.00000000,5.70000000,6.09250000,25227853.05000000,25227853.05000000
2021-02-11,6.09180000,6.51840000,5.41980000,5.48990000,17811151.59000000,17811151.59000000
2021-02-12,5.49550000,6.16360000,5.40000000,5.73300000,20251126.82000000,20251126.82000000
2021-02-13,5.73030000,5.99980000,5.38930000,5.59860000,11026456.78000000,11026456.78000000
2021-02-14,5.59520000,6.18030000,5.32820000,5.63670000,13331261.42000000,13331261.42000000
2021-02-15,5.63750000,6.10000000,4.96000000,5.45480000,17564032.05000000,17564032.05000000
2021-02-16,5.45350000,6.75000000,5.27950000,6.52040000,24070491.98000000,24070491.98000000
2021-02-17,6.52230000,7.48000000,5.81030000,7.27230000,28283777.77000000,28283777.77000000
2021-02-18,7.27930000,7.53580000,6.40000000,6.69660000,14068865.49000000,14068865.49000000
2021-02-19,6.69390000,6.90000000,6.15560000,6.31010000,10846138.23000000,10846138.23000000
2021-02-20,6.31010000,6.75010000,5.68320000,5.94110000,10080940.46000000,10080940.46000000
2021-02-21,5.94630000,6.36660000,5.79890000,6.12070000,7781188.87000000,7781188.87000000
2021-02-22,6.12060000,8.47000000,5.94770000,7.07150000,38768546.54000000,38768546.54000000
2021-02-23,7.07910000,7.15000000,5.43500000,6.73590000,28169294.44000000,28169294.44000000
2021-02-24,6.72700000,7.68790000,6.40060000,6.66490000,15613671.49000000,15613671.49000000
2021-02-25,6.66490000,7.21640000,5.94020000,5.98040000,11918826.58000000,11918826.58000000
2021-02-26,5.98880000,6.41480000,5.56620000,5.89550000,7976815.23000000,7976815.23000000
2021-02-27,5.88810000,6.36890000,5.68000000,5.90000000,5581206.37000000,5581206.37000000
2021-02-28,5.90830000,6.00820000,4.97650000,5.35310000,7021503.55000000,7021503.55000000
2021-03-01,5.35110000,6.77060000,5.32800000,6.74530000,10942390.12000000,10942390.12000000
2021-03-02,6.74810000,6.78000000,6.19470000,6.47270000,7433824.04000000,7433824.04000000
2021-03-03,6.46790000,8.22120000,6.42010000,7.20270000,18032318.93000000,18032318.93000000
2021-03-04,7.20130000,8.14360000,7.06720000,7.47310000,15773216.80000000,15773216.80000000
2021-03-05,7.47310000,8.76660000,6.97980000,8.46190000,20141113.51000000,20141113.51000000
2021-03-06,8.45080000,9.00000000,8.10000000,8.24210000,12651262.32000000,12651262.32000000
2021-03-07,8.25290000,8.30740000,7.70000000,8.24050000,6184494.24000000,6184494.24000000
2021-03-08,8.25050000,9.77950000,8.08610000,9.68330000,12400879.49000000,12400879.49000000
2021-03-09,9.68320000,12.12400000,9.59500000,11.63620000,21764327.77000000,21764327.77000000
2021-03-10,11.65160000,11.75000000,10.87190000,11.11760000,9925669.23000000,9925669.23000000
2021-03-11,11.11870000,11.38980000,10.38880000,10.81160000,9729821.63000000,9729821.63000000
2021-03-12,10.81840000,14.38220000,10.57430000,14.13960000,16467371.63000000,16467371.63000000
2021-03-13,14.14150000,14.90000000,12.66000000,14.59390000,8280811.94000000,8280811.94000000
2021-03-14,14.59370000,17.50000000,13.80000000,15.80630000,12990496.54000000,12990496.54000000
2021-03-15,15.82450000,16.73690000,14.60130000,16.26890000,10208160.83000000,10208160.83000000
2021-03-16,16.25930000,20.82360000,16.00000000,19.88120000,22648741.41000000,22648741.41000000
2021-03-17,19.88120000,19.91350000,17.02580000,18.50920000,15207564.01000000,15207564.01000000
2021-03-18,18.50920000,19.31070000,17.66830000,18.92110000,7415666.28000000,7415666.28000000
2021-03-19,18.92470000,21.85630000,18.51180000,19.84440000,10902506.37000000,10902506.37000000
2021-03-20,19.84440000,21.30950000,19.60000000,20.83820000,4921778.88000000,4921778.88000000
2021-03-21,20.83750000,22.40000000,20.73010000,21.90000000,7034161.34000000,7034161.34000000
2021-03-22,21.91090000,21.99220000,18.75000000,19.31660000,6911516.09000000,6911516.09000000
2021-03-23,19.31150000,19.72490000,16.68030000,16.94190000,7776572.96000000,7776572.96000000
2021-03-24,16.94280000,18.74060000,15.71110000,16.51820000,12671181.90000000,12671181.90000000
2021-03-25,16.51820000,17.16020000,15.93820000,16.36830000,7017339.54000000,7017339.54000000
2021-03-26,16.38240000,18.97590000,16.32000000,18.37410000,6259000.18000000,6259000.18000000
2021-03-27,18.37490000,19.21810000,17.99730000,18.65530000,3102482.20000000,3102482.20000000
2021-03-28,18.65530000,19.24980000,18.00620000,18.53370000,2663938.00000000,2663938.00000000
2021-03-29,18.53100000,19.50000000,18.17060000,18.88120000,3201736.68000000,3201736.68000000
2021-03-30,18.87400000,19.17340000,18.12800000,18.61480000,3528578.44000000,3528578.44000000
2021-03-31,18.61480000,19.54140000,17.66590000,18.66310000,7303032.36000000,7303032.36000000
2021-04-01,18.67090000,19.07590000,17.98410000,18.42040000,4853934.20000000,4853934.20000000
2021-04-02,18.43870000,19.50000000,18.32660000,18.46500000,4205748.06000000,4205748.06000000
2021-04-03,18.46920000,18.86000000,17.88510000,17.99610000,2432935.54000000,2432935.54000000
2021-04-04,17.99340000,18.50290000,17.87590000,18.16780000,1893256.70000000,1893256.70000000
2021-04-05,18.17540000,18.38900000,17.21650000,17.55000000,3386614.17000000,3386614.17000000
2021-04-06,17.55000000,17.72430000,16.43550000,16.70240000,5347658.97000000,5347658.97000000
2021-04-07,16.70240000,16.76430000,14.75550000,15.42730000,6575771.20000000,6575771.20000000
2021-04-08,15.42870000,16.13070000,15.18420000,15.75480000,3710644.55000000,3710644.55000000
2021-04-09,15.75620000,16.98820000,15.53000000,15.65830000,4724065.17000000,4724065.17000000
2021-04-10,15.66820000,15.93960000,14.77700000,15.47790000,3693014.91000000,3693014.91000000
2021-04-11,15.48220000,15.55470000,14.98820000,15.11470000,2521498.10000000,2521498.10000000
2021-04-12,15.11470000,15.22000000,14.25000000,14.62190000,3918809.61000000,3918809.61000000
2021-04-13,14.63110000,16.91780000,14.63110000,15.63060000,7928687.90000000,7928687.90000000
2021-04-14,15.61580000,16.46010000,15.07780000,15.28080000,6371734.92000000,6371734.92000000
2021-04-15,15.28130000,17.42580000,14.99940000,16.85680000,5764243.02000000,5764243.02000000
2021-04-16,16.85690000,17.10000000,15.50440000,15.74060000,6572565.38000000,6572565.38000000
2021-04-17,15.74060000,16.33100000,15.05000000,15.18300000,4779754.65000000,4779754.65000000
2021-04-18,15.18300000,15.24560000,11.65010000,13.38240000,9652853.05000000,9652853.05000000
2021-04-19,13.39050000,16.35000000,13.14650000,13.84060000,11845150.75000000,11845150.75000000
2021-04-20,13.86040000,13.87030000,12.59860000,13.42660000,6296979.62000000,6296979.62000000
2021-04-21,13.42110000,14.44150000,13.15390000,13.24360000,7251304.11000000,7251304.11000000
2021-04-22,13.25270000,15.59580000,12.93490000,13.62770000,11448654.14000000,11448654.14000000
2021-04-23,13.62770000,14.42800000,12.66700000,14.10000000,10468808.57000000,10468808.57000000
2021-04-24,14.10000000,16.58180000,13.61000000,15.59050000,9572773.01000000,9572773.01000000
2021-04-25,15.58470000,18.98100000,15.54200000,17.71300000,12482303.33600000,12482303.33600000
2021-04-26,17.71300000,18.05300000,16.86100000,17.62600000,9439373.99700000,9439373.99700000
2021-04-27,17.62600000,19.60940000,17.18100000,17.68500000,11339513.72900000,11339513.72900000
2021-04-28,17.68600000,17.94500000,16.46100000,16.82500000,8808985.69900000,8808985.69900000
2021-04-29,16.82500000,16.94700000,15.85000000,16.24100000,6281587.97500000,6281587.97500000
2021-04-30,16.24200000,16.95600000,15.77500000,16.68900000,5040164.09300000,5040164.09300000
2021-05-01,16.68900000,16.81300000,16.32200000,16.54800000,3334150.69800000,3334150.69800000
2021-05-02,16.55300000,17.59300000,16.42400000,17.14400000,6262426.59300000,6262426.59300000
2021-05-03,17.13700000,19.19900000,17.06900000,17.24400000,13379470.89400000,13379470.89400000
2021-05-04,17.25100000,17.44900000,15.64200000,16.28600000,9581459.19400000,9581459.19400000
2021-05-05,16.29000000,17.52000000,16.25400000,17.02300000,8630435.62400000,8630435.62400000
2021-05-06,17.02000000,17.44500000,16.31100000,16.77600000,8970875.68900000,8970875.68900000
2021-05-07,16.77500000,16.95500000,16.44000000,16.54500000,5157442.99100000,5157442.99100000
2021-05-08,16.54500000,17.14500000,16.51000000,16.99100000,4705262.91700000,4705262.91700000
2021-05-09,16.99100000,17.49000000,16.68300000,16.99200000,5449983.05200000,5449983.05200000
2021-05-10,16.99100000,18.22600000,15.40000000,15.85000000,10346730.06900000,10346730.06900000
2021-05-11,15.84100000,16.44200000,15.22200000,16.31000000,5635023.23600000,5635023.23600000
2021-05-12,16.30800000,17.91400000,14.41900000,14.61900000,12240061.80400000,12240061.80400000
2021-05-13,14.64500000,17.02500000,13.52600000,15.91100000,13802002.38800000,13802002.38800000
2021-05-14,15.91100000,16.96200000,15.18100000,16.40300000,6424376.91100000,6424376.91100000
2021-05-15,16.39900000,16.61700000,15.15200000,15.21000000,5984644.30800000,5984644.30800000
2021-05-16,15.21100000,17.41200000,15.16800000,16.16800000,10580210.96000000,10580210.96000000
2021-05-17,16.17300000,16.18800000,14.68800000,14.95300000,8344786.91700000,8344786.91700000
2021-05-18,14.96400000,16.80000000,14.64300000,15.65800000,8825560.45600000,8825560.45600000
2021-05-19,15.66300000,15.93100000,9.10000000,9.47700000,24196506.57200000,24196506.57200000
2021-05-20,9.49000000,11.84000000,8.08800000,10.35000000,23145818.07300000,23145818.07300000
2021-05-21,10.36500000,11.61500000,7.16500000,8.26200000,20325079.84300000,20325079.84300000
2021-05-22,8.26200000,8.31600000,6.51400000,6.59400000,20492898.59100000,20492898.59100000
2021-05-23,6.59400000,7.18700000,3.91000000,4.08600000,42577862.62700000,42577862.62700000
2021-05-24,4.08800000,7.33000000,4.08000000,6.63600000,73542562.32900000,73542562.32900000
2021-05-25,6.63700000,7.04400000,5.17300000,6.65700000,52035956.19400000,52035956.19400000
2021-05-26,6.65600000,7.96500000,6.35700000,7.33700000,42004568.51400000,42004568.51400000
2021-05-27,7.33500000,7.36300000,6.40100000,6.71100000,24916543.91700000,24916543.91700000
2021-05-28,6.71100000,6.86800000,5.36200000,5.90200000,29544278.24800000,29544278.24800000
2021-05-29,5.90100000,6.14500000,5.08000000,5.49100000,15725520.09800000,15725520.09800000
2021-05-30,5.50000000,6.59900000,5.08300000,6.20300000,19840497.57800000,19840497.57800000
2021-05-31,6.20000000,6.60000000,5.58400000,6.54600000,23680398.08900000,23680398.08900000
2021-06-01,6.54700000,6.67900000,6.07700000,6.29400000,13788793.46100000,13788793.46100000
2021-06-02,6.29900000,7.25000000,6.07000000,6.83200000,15261389.82600000,15261389.82600000
2021-06-03,6.83200000,7.86900000,6.68400000,7.67700000,22974432.73200000,22974432.73200000
2021-06-04,7.68500000,7.69500000,5.84200000,6.37300000,33544762.58100000,33544762.58100000
2021-06-05,6.37900000,6.90700000,5.74100000,6.04000000,19829980.17400000,19829980.17400000
2021-06-06,6.04000000,6.33800000,6.02200000,6.25200000,7783979.79500000,7783979.79500000
2021-06-07,6.25300000,6.65900000,5.50000000,5.59000000,15598503.54500000,15598503.54500000
2021-06-08,5.58700000,5.79100000,4.89600000,5.59900000,18233516.16900000,18233516.16900000
2021-06-09,5.59900000,6.04100000,5.25000000,6.02100000,14214728.55900000,14214728.55900000
2021-06-10,6.01900000,6.50000000,5.56200000,6.14100000,18534538.36000000,18534538.36000000
2021-06-11,6.14600000,6.35000000,5.45200000,5.56200000,12241250.26700000,12241250.26700000
2021-06-12,5.56200000,5.88200000,5.15600000,5.50000000,11039933.96300000,11039933.96300000
2021-06-13,5.49700000,6.14000000,5.34900000,6.05000000,7450567.00500000,7450567.00500000
2021-06-14,6.05100000,6.33200000,5.82100000,6.19800000,8428062.36500000,8428062.36500000
2021-06-15,6.19600000,6.86300000,6.05600000,6.58100000,13175819.47600000,13175819.47600000
2021-06-16,6.57800000,6.58100000,5.96200000,6.17500000,8840772.41500000,8840772.41500000
2021-06-17,6.17600000,6.43800000,6.02400000,6.15800000,5825129.96300000,5825129.96300000
2021-06-18,6.15900000,6.59500000,5.68400000,5.95400000,10943242.78200000,10943242.78200000
2021-06-19,5.95400000,6.04200000,5.64400000,5.72600000,4906834.18300000,4906834.18300000
2021-06-20,5.72600000,5.90000000,5.37500000,5.85900000,5248222.55900000,5248222.55900000
2021-06-21,5.86300000,5.91200000,4.77100000,4.83800000,10456612.43700000,10456612.43700000
2021-06-22,4.83500000,5.47000000,4.51600000,4.72800000,16287915.60600000,16287915.60600000
2021-06-23,4.72700000,5.77500000,4.60500000,5.19000000,13528112.90700000,13528112.90700000
2021-06-24,5.19800000,5.60700000,4.99500000,5.47700000,7187923.79000000,7187923.79000000
2021-06-25,5.47700000,5.59300000,4.84700000,5.05000000,7928720.51100000,7928720.51100000
2021-06-26,5.05000000,5.29600000,4.89400000,5.20100000,5144164.33900000,5144164.33900000
2021-06-27,5.20500000,5.44100000,5.07300000,5.41700000,3054229.62100000,3054229.62100000
2021-06-28,5.41600000,5.69000000,5.19900000,5.53700000,5446198.65800000,5446198.65800000
2021-06-29,5.53700000,6.32500000,5.40500000,6.00800000,8512833.52400000,8512833.52400000
2021-06-30,6.00800000,6.68000000,5.67400000,6.56500000,10082204.00600000,10082204.00600000
2021-07-01,6.56800000,6.57000000,5.71200000,5.88200000,7788824.68400000,7788824.68400000
2021-07-02,5.88100000,6.08700000,5.50300000,5.71100000,5173174.08700000,5173174.08700000
2021-07-03,5.71500000,5.98400000,5.61300000,5.80700000,2875743.87000000,2875743.87000000
2021-07-04,5.80900000,6.23000000,5.66100000,5.95900000,4892029.63100000,4892029.63100000
2021-07-05,5.95700000,6.20000000,5.60000000,6.01500000,5216499.16200000,5216499.16200000
2021-07-06,6.01500000,6.56800000,5.96400000,6.52900000,9403857.88600000,9403857.88600000
2021-07-07,6.52500000,7.70000000,6.44000000,7.10400000,17137934.02300000,17137934.02300000
2021-07-08,7.10000000,7.21400000,6.40700000,6.70800000,12714171.66600000,12714171.66600000
2021-07-09,6.70800000,8.45000000,6.43900000,8.10300000,20640778.75800000,20640778.75800000
2021-07-10,8.10200000,8.60000000,7.46200000,7.89300000,13108450.95200000,13108450.95200000
2021-07-11,7.89300000,8.72800000,7.88600000,8.44400000,12097308.51500000,12097308.51500000
2021-07-12,8.44500000,8.57000000,7.53300000,7.86400000,9149241.83300000,9149241.83300000
2021-07-13,7.86400000,8.15000000,6.95500000,7.11900000,8603893.09800000,8603893.09800000
2021-07-14,7.11800000,7.45600000,6.57800000,6.93300000,14992845.59200000,14992845.59200000
2021-07-15,6.93300000,7.22200000,6.49100000,6.66500000,7521396.69100000,7521396.69100000
2021-07-16,6.66700000,7.00900000,6.21400000,6.56000000,8465474.65200000,8465474.65200000
2021-07-17,6.56000000,6.79500000,6.26000000,6.49500000,6087501.53800000,6087501.53800000
2021-07-18,6.49200000,6.89200000,6.46400000,6.48300000,4442784.92900000,4442784.92900000
2021-07-19,6.48900000,6.53200000,5.92400000,5.97000000,5354185.40600000,5354185.40600000
2021-07-20,5.97400000,6.05700000,5.58900000,5.86700000,5674011.60200000,5674011.60200000
2021-07-21,5.86700000,6.79600000,5.69100000,6.60200000,8025391.81000000,8025391.81000000
2021-07-22,6.61500000,7.49900000,6.56900000,7.33400000,8525510.14800000,8525510.14800000
2021-07-23,7.33600000,7.93300000,6.87900000,7.88600000,10117108.21500000,10117108.21500000
2021-07-24,7.89400000,8.50500000,7.49400000,8.47600000,11323595.12300000,11323595.12300000
2021-07-25,8.48400000,8.52200000,7.78300000,8.25100000,8743741.67700000,8743741.67700000
2021-07-26,8.25200000,9.79200000,8.18500000,8.50200000,16590614.23600000,16590614.23600000
2021-07-27,8.50400000,9.59200000,8.05600000,9.51600000,12540199.21700000,12540199.21700000
2021-07-28,9.51600000,11.13300000,9.13300000,10.98100000,14833524.66100000,14833524.66100000
2021-07-29,10.98600000,11.80000000,10.65100000,11.04700000,12654374.88500000,12654374.88500000
2021-07-30,11.04600000,11.12100000,10.03100000,10.85000000,11732728.98700000,11732728.98700000
2021-07-31,10.84600000,11.32000000,10.53700000,10.73500000,6674175.89800000,6674175.89800000
2021-08-01,10.73400000,12.20000000,10.52300000,11.96600000,9378217.09800000,9378217.09800000
2021-08-02,11.97400000,12.48100000,11.14000000,12.32500000,8436957.42300000,8436957.42300000
2021-08-03,12.32100000,14.89000000,11.65000000,14.77100000,16032058.31100000,16032058.31100000
2021-08-04,14.77100000,15.57200000,13.54100000,14.51900000,13919750.67000000,13919750.67000000
2021-08-05,14.51000000,15.14900000,13.71400000,14.55800000,9704938.83300000,9704938.83300000
2021-08-06,14.55400000,15.29000000,14.14100000,14.51900000,8097824.70200000,8097824.70200000
2021-08-07,14.51200000,15.66200000,13.91100000,14.61600000,9344410.51100000,9344410.51100000
2021-08-08,14.62100000,14.73800000,13.10900000,13.41500000,6699721.59300000,6699721.59300000
2021-08-09,13.40700000,14.36000000,12.96600000,13.92800000,7164094.76900000,7164094.76900000
2021-08-10,13.92200000,16.90900000,13.73100000,16.70000000,9556692.10900000,9556692.10900000
2021-08-11,16.70600000,18.06200000,16.50800000,16.95600000,7966073.95800000,7966073.95800000
2021-08-12,16.94900000,17.16400000,15.81700000,16.59900000,6430428.13000000,6430428.13000000
2021-08-13,16.60000000,17.81000000,16.56700000,17.78700000,3512487.72100000,3512487.72100000
2021-08-14,17.80300000,17.84400000,16.84500000,17.38800000,3058076.12500000,3058076.12500000
2021-08-15,17.37800000,19.65000000,16.50000000,19.26200000,5405093.82500000,5405093.82500000
2021-08-16,19.26500000,23.96100000,19.15200000,21.90400000,13853981.31400000,13853981.31400000
2021-08-17,21.90400000,26.90600000,20.81000000,25.30900000,17362698.03000000,17362698.03000000
2021-08-18,25.31900000,31.88400000,22.55000000,30.71500000,17912523.75000000,17912523.75000000
2021-08-19,30.72900000,33.50000000,28.62000000,29.43000000,15334852.60700000,15334852.60700000
2021-08-20,29.42900000,31.45000000,28.52600000,30.65800000,8872877.82000000,8872877.82000000
2021-08-21,30.66400000,30.69400000,27.04000000,27.52900000,6558157.83800000,6558157.83800000
2021-08-22,27.53100000,28.83900000,26.31000000,28.00000000,5678898.09000000,5678898.09000000
2021-08-23,28.00000000,30.35900000,27.19900000,29.92000000,8271195.42300000,8271195.42300000
2021-08-24,29.93800000,34.66600000,29.50300000,29.60700000,18197335.34100000,18197335.34100000
2021-08-25,29.63100000,31.23000000,28.36800000,30.04100000,8728526.32700000,8728526.32700000
2021-08-26,30.04000000,30.12700000,25.88000000,26.97000000,8210545.64300000,8210545.64300000
2021-08-27,26.96000000,32.90000000,26.37000000,32.64000000,10662989.42400000,10662989.42400000
2021-08-28,32.65000000,35.86000000,30.44000000,35.05000000,10889600.60900000,10889600.60900000
2021-08-29,35.05000000,36.89000000,33.17000000,33.26000000,7886586.65800000,7886586.65800000
2021-08-30,33.28000000,35.99000000,32.02000000,33.44000000,10292874.65000000,10292874.65000000
2021-08-31,33.43000000,34.47000000,30.53000000,31.57000000,7583263.90000000,7583263.90000000
2021-09-01,31.54000000,32.52000000,30.50000000,31.75000000,6896391.06000000,6896391.06000000
2021-09-02,31.74000000,33.87000000,31.32000000,32.79000000,5672220.51000000,5672220.51000000
2021-09-03,32.79000000,33.89000000,30.95000000,31.72000000,6130038.08000000,6130038.08000000
2021-09-04,31.73000000,32.47000000,30.97000000,31.39000000,3178756.97000000,3178756.97000000
2021-09-05,31.39000000,35.35000000,31.08000000,34.45000000,6080284.88000000,6080284.88000000
2021-09-06,34.45000000,35.08000000,30.03000000,32.33000000,6985052.43000000,6985052.43000000
2021-09-07,32.32000000,32.60000000,22.95000000,27.92000000,14078466.26600000,14078466.26600000
2021-09-08,27.92000000,32.16000000,24.88000000,29.46000000,11977439.67100000,11977439.67100000
2021-09-09,29.45000000,31.50000000,28.21000000,30.60000000,8269895.77000000,8269895.77000000
2021-09-10,30.59000000,44.00000000,30.56000000,43.35000000,29504108.37600000,29504108.37600000
2021-09-11,43.35000000,45.01000000,37.50000000,39.19000000,14826198.21900000,14826198.21900000
2021-09-12,39.18000000,43.54000000,37.80000000,39.26000000,10383965.33000000,10383965.33000000
2021-09-13,39.26000000,39.62000000,33.62000000,37.18000000,10577692.31000000,10577692.31000000
2021-09-14,37.18000000,38.00000000,34.59000000,35.69000000,6284439.98000000,6284439.98000000
2021-09-15,35.69000000,37.68000000,34.91000000,36.71000000,5497656.17000000,5497656.17000000
2021-09-16,36.71000000,39.77000000,35.13000000,37.45000000,9389644.51000000,9389644.51000000
2021-09-17,37.44000000,39.21000000,34.05000000,34.46000000,6782357.47000000,6782357.47000000
2021-09-18,34.46000000,36.35000000,34.10000000,34.78000000,4564732.29000000,4564732.29000000
2021-09-19,34.78000000,36.47000000,32.02000000,32.92000000,6884350.30000000,6884350.30000000
2021-09-20,32.94000000,33.04000000,26.18000000,27.53000000,14707960.66000000,14707960.66000000
2021-09-21,27.52000000,29.50000000,23.95000000,25.16000000,13547038.77000000,13547038.77000000
2021-09-22,25.15000000,33.59000000,25.05000000,33.17000000,10979477.00000000,10979477.00000000
2021-09-23,33.16000000,36.80000000,32.34000000,36.16000000,10485040.08000000,10485040.08000000
2021-09-24,36.15000000,41.28000000,32.45000000,40.16000000,21039332.61000000,21039332.61000000
2021-09-25,40.15000000,40.88000000,36.05000000,37.87000000,10372028.93000000,10372028.93000000
2021-09-26,37.87000000,37.94000000,33.26000000,34.69000000,9014712.62000000,9014712.62000000
2021-09-27,34.67000000,39.65000000,33.81000000,36.80000000,10246643.69000000,10246643.69000000
2021-09-28,36.79000000,37.25000000,32.95000000,33.14000000,7613730.46000000,7613730.46000000
2021-09-29,33.14000000,36.36000000,33.00000000,34.15000000,7064439.10000000,7064439.10000000
2021-09-30,34.16000000,38.97000000,33.80000000,38.83000000,7140444.02000000,7140444.02000000
2021-10-01,38.84000000,40.11000000,36.45000000,37.76000000,8251600.00000000,8251600.00000000
2021-10-02,37.77000000,43.60000000,37.10000000,41.49000000,8652783.52000000,8652783.52000000
2021-10-03,41.50000000,46.17000000,41.49000000,42.79000000,10704397.30200000,10704397.30200000
2021-10-04,42.77000000,49.54000000,41.56000000,46.80000000,12892668.75300000,12892668.75300000
2021-10-05,46.81000000,47.30000000,43.39000000,44.66000000,6420680.53000000,6420680.53000000
2021-10-06,44.69000000,44.82000000,40.38000000,42.02000000,6913304.84000000,6913304.84000000
2021-10-07,42.01000000,47.50000000,40.86000000,46.58000000,6857474.75000000,6857474.75000000
2021-10-08,46.57000000,48.56000000,43.07000000,43.30000000,6068454.98000000,6068454.98000000
2021-10-09,43.30000000,44.44000000,42.07000000,42.50000000,3206419.49000000,3206419.49000000
2021-10-10,42.49000000,43.27000000,39.01000000,39.23000000,3977798.20000000,3977798.20000000
2021-10-11,39.23000000,40.74000000,37.50000000,39.15000000,5036412.83000000,5036412.83000000
2021-10-12,39.16000000,39.17000000,35.26000000,37.59000000,6482099.45000000,6482099.45000000
2021-10-13,37.58000000,38.92000000,34.86000000,36.60000000,5889598.98000000,5889598.98000000
2021-10-14,36.59000000,39.75000000,36.14000000,37.15000000,5969678.97000000,5969678.97000000
2021-10-15,37.15000000,38.00000000,35.67000000,36.98000000,4660171.31000000,4660171.31000000
2021-10-16,36.98000000,38.43000000,36.24000000,36.63000000,2844496.36000000,2844496.36000000
2021-10-17,36.62000000,37.40000000,34.98000000,36.18000000,3006957.05000000,3006957.05000000
2021-10-18,36.19000000,37.35000000,35.29000000,35.83000000,2884626.06000000,2884626.06000000
2021-10-19,35.81000000,38.40000000,35.57000000,37.71000000,3425151.99000000,3425151.99000000
2021-10-20,37.72000000,44.00000000,37.67000000,42.63000000,7844276.66000000,7844276.66000000
2021-10-21,42.63000000,43.65000000,38.99000000,40.95000000,7773715.75000000,7773715.75000000
2021-10-22,40.94000000,45.54000000,40.88000000,43.69000000,9287487.93000000,9287487.93000000
2021-10-23,43.70000000,44.10000000,41.46000000,43.12000000,3972694.14000000,3972694.14000000
2021-10-24,43.11000000,43.56000000,39.92000000,41.39000000,3685849.75000000,3685849.75000000
2021-10-25,41.39000000,43.80000000,41.21000000,42.86000000,3607499.00000000,3607499.00000000
2021-10-26,42.86000000,47.00000000,42.68000000,43.87000000,6929436.68000000,6929436.68000000
2021-10-27,43.90000000,44.90000000,38.00000000,39.91000000,9008935.16000000,9008935.16000000
2021-10-28,39.90000000,43.69000000,39.54000000,42.94000000,4870457.93000000,4870457.93000000
2021-10-29,42.96000000,46.00000000,42.19000000,45.69000000,3675447.54000000,3675447.54000000
2021-10-30,45.70000000,45.75000000,42.41000000,43.31000000,2504175.13000000,2504175.13000000
2021-10-31,43.30000000,43.64000000,41.18000000,42.89000000,2552995.14000000,2552995.14000000
2021-11-01,42.90000000,44.35000000,41.53000000,44.04000000,2774941.84000000,2774941.84000000
2021-11-02,44.06000000,45.48000000,42.75000000,44.75000000,2745930.15000000,2745930.15000000
2021-11-03,44.75000000,49.73000000,43.83000000,47.99000000,6745823.99900000,6745823.99900000
2021-11-04,47.99000000,52.19000000,46.03000000,51.90000000,6170582.75500000,6170582.75500000
2021-11-05,51.90000000,53.18000000,48.76000000,49.91000000,3677699.17300000,3677699.17300000
2021-11-06,49.90000000,51.20000000,47.44000000,51.17000000,2628157.51000000,2628157.51000000
2021-11-07,51.17000000,52.64000000,49.99000000,50.53000000,1977815.81000000,1977815.81000000
2021-11-08,50.54000000,54.80000000,48.97000000,54.14000000,3794299.03600000,3794299.03600000
2021-11-09,54.12000000,54.21000000,50.03000000,50.24000000,3082760.88000000,3082760.88000000
2021-11-10,50.23000000,54.95000000,44.19000000,48.73000000,5992281.46000000,5992281.46000000
2021-11-11,48.73000000,51.95000000,47.41000000,50.45000000,3285986.49000000,3285986.49000000
2021-11-12,50.45000000,50.63000000,47.00000000,49.55000000,2993491.19000000,2993491.19000000
2021-11-13,49.55000000,53.43000000,48.31000000,52.07000000,2510678.95000000,2510678.95000000
2021-11-14,52.07000000,52.49000000,49.07000000,51.07000000,1588143.78000000,1588143.78000000
2021-11-15,51.07000000,51.60000000,48.03000000,48.13000000,1932632.40000000,1932632.40000000
2021-11-16,48.14000000,48.14000000,41.02000000,43.24000000,6173976.64000000,6173976.64000000
2021-11-17,43.22000000,43.91000000,40.45000000,43.20000000,5073954.47000000,5073954.47000000
2021-11-18,43.21000000,45.18000000,38.75000000,40.28000000,6530290.66000000,6530290.66000000
2021-11-19,40.28000000,43.48000000,39.57000000,42.35000000,3917019.52000000,3917019.52000000
2021-11-20,42.37000000,45.54000000,41.37000000,45.23000000,2702695.10000000,2702695.10000000
2021-11-21,45.23000000,45.37000000,42.58000000,43.51000000,2257891.63000000,2257891.63000000
2021-11-22,43.51000000,43.91000000,40.38000000,41.09000000,3089854.18000000,3089854.18000000
2021-11-23,41.09000000,43.44000000,39.75000000,42.71000000,2364527.72000000,2364527.72000000
2021-11-24,42.70000000,43.03000000,37.82000000,38.56000000,3711044.81000000,3711044.81000000
2021-11-25,38.57000000,43.89000000,38.40000000,43.56000000,3207131.25000000,3207131.25000000
2021-11-26,43.56000000,45.13000000,37.88000000,41.13000000,7705880.35000000,7705880.35000000
2021-11-27,41.10000000,44.40000000,40.89000000,43.87000000,3243848.23000000,3243848.23000000
2021-11-28,43.87000000,50.43000000,42.13000000,50.11000000,8412378.56000000,8412378.56000000
2021-11-29,50.15000000,52.88000000,47.67000000,51.62000000,5155750.77000000,5155750.77000000
2021-11-30,51.62000000,60.08000000,50.47000000,59.59000000,9513976.23000000,9513976.23000000
2021-12-01,59.59000000,64.80000000,55.68000000,63.97000000,8075938.79300000,8075938.79300000
2021-12-02,63.96000000,66.48000000,61.01000000,66.28000000,7745843.33000000,7745843.33000000
2021-12-03,66.28000000,70.48000000,62.86000000,63.45000000,9415346.29300000,9415346.29300000
2021-12-04,63.47000000,78.22000000,49.65000000,75.15000000,18564697.72900000,18564697.72900000
2021-12-05,75.11000000,78.29000000,65.15000000,68.09000000,13341289.96000000,13341289.96000000
2021-12-06,68.12000000,68.31000000,59.77000000,66.95000000,12882096.14000000,12882096.14000000
2021-12-07,66.94000000,74.44000000,65.59000000,68.72000000,8241422.43000000,8241422.43000000
2021-12-08,68.72000000,75.92000000,65.03000000,75.10000000,7261926.43000000,7261926.43000000
2021-12-09,75.10000000,76.72000000,65.15000000,66.44000000,8182692.80000000,8182692.80000000
2021-12-10,66.44000000,72.05000000,60.45000000,60.86000000,7638139.64000000,7638139.64000000
2021-12-11,60.84000000,63.94000000,57.68000000,60.14000000,5533987.86000000,5533987.86000000
2021-12-12,60.17000000,62.57000000,57.45000000,61.98000000,4018992.05000000,4018992.05000000
2021-12-13,62.00000000,62.56000000,52.22000000,52.96000000,6537601.33000000,6537601.33000000
2021-12-14,52.93000000,60.66000000,51.84000000,60.19000000,7414708.02000000,7414708.02000000
2021-12-15,60.16000000,63.99000000,54.30000000,61.66000000,6788195.09000000,6788195.09000000
2021-12-16,61.64000000,68.50000000,61.00000000,64.24000000,5537310.01000000,5537310.01000000
2021-12-17,64.24000000,69.12000000,60.70000000,65.60000000,5299994.00000000,5299994.00000000
2021-12-18,65.59000000,74.42000000,62.37000000,74.23000000,5689823.53000000,5689823.53000000
2021-12-19,74.21000000,78.99000000,72.22000000,78.18000000,5254924.60900000,5254924.60900000
2021-12-20,78.20000000,83.00000000,72.15000000,82.06000000,10021189.29600000,10021189.29600000
2021-12-21,82.08000000,89.00000000,79.52000000,87.29000000,6660734.86000000,6660734.86000000
2021-12-22,87.28000000,98.20000000,84.19000000,85.38000000,10936331.81300000,10936331.81300000
2021-12-23,85.35000000,95.31000000,84.26000000,94.39000000,7795048.49000000,7795048.49000000
2021-12-24,94.38000000,101.50000000,93.72000000,95.78000000,6611690.73400000,6611690.73400000
2021-12-25,95.82000000,100.98000000,95.10000000,98.31000000,4500174.43000000,4500174.43000000
2021-12-26,98.28000000,101.00000000,95.80000000,99.58000000,3394248.52000000,3394248.52000000
2021-12-27,99.59000000,103.60000000,89.52000000,90.90000000,5186772.24000000,5186772.24000000
2021-12-28,90.90000000,93.81000000,83.50000000,85.16000000,5560457.54000000,5560457.54000000
2021-12-29,85.21000000,87.87000000,82.43000000,84.12000000,4101179.95000000,4101179.95000000
2021-12-30,84.11000000,87.85000000,81.11000000,84.73000000,3303017.69000000,3303017.69000000
2021-12-31,84.72000000,91.07000000,84.14000000,85.46000000,3379937.20000000,3379937.20000000
2022-01-01,85.51000000,91.72000000,85.46000000,91.69000000,2283952.54000000,2283952.54000000
2022-01-02,91.69000000,92.54000000,87.88000000,89.45000000,1657501.37000000,1657501.37000000
2022-01-03,89.43000000,93.96000000,88.43000000,88.85000000,3044039.44000000,3044039.44000000
2022-01-04,88.84000000,89.50000000,84.34000000,84.53000000,2917262.06000000,2917262.06000000
2022-01-05,84.53000000,87.41000000,73.28000000,78.47000000,4095970.46000000,4095970.46000000
2022-01-06,78.45000000,80.35000000,74.00000000,78.41000000,4263502.51000000,4263502.51000000
2022-01-07,78.42000000,78.69000000,67.93000000,68.80000000,6781595.86000000,6781595.86000000
2022-01-08,68.80000000,71.70000000,62.46000000,66.96000000,5301187.23000000,5301187.23000000
2022-01-09,66.95000000,75.67000000,65.61000000,74.47000000,5298915.12000000,5298915.12000000
2022-01-10,74.46000000,74.70000000,65.10000000,69.44000000,6682838.66000000,6682838.66000000
2022-01-11,69.44000000,74.99000000,68.33000000,73.48000000,4259230.02000000,4259230.02000000
2022-01-12,73.48000000,82.97000000,72.46000000,81.88000000,5040378.35000000,5040378.35000000
2022-01-13,81.87000000,83.86000000,77.77000000,78.34000000,4840737.79000000,4840737.79000000
2022-01-14,78.34000000,83.06000000,76.35000000,81.49000000,3258489.38000000,3258489.38000000
2022-01-15,81.48000000,87.90000000,80.38000000,87.19000000,2611522.92000000,2611522.92000000
2022-01-16,87.19000000,87.59000000,84.32000000,87.10000000,2387141.60000000,2387141.60000000
2022-01-17,87.09000000,87.23000000,75.94000000,77.09000000,3918824.27000000,3918824.27000000
2022-01-18,77.10000000,81.39000000,73.95000000,80.71000000,4406118.50000000,4406118.50000000
2022-01-19,80.70000000,82.08000000,75.74000000,81.10000000,4229941.90000000,4229941.90000000
2022-01-20,81.09000000,84.95000000,76.24000000,77.33000000,4115722.22000000,4115722.22000000
2022-01-21,77.31000000,80.83000000,61.66000000,64.73000000,11813040.21000000,11813040.21000000
2022-01-22,64.72000000,65.98000000,53.03000000,62.87000000,13915696.02000000,13915696.02000000
2022-01-23,62.89000000,70.44000000,62.76000000,69.75000000,7698221.13000000,7698221.13000000
2022-01-24,69.75000000,69.81000000,59.13000000,66.00000000,11454255.53000000,11454255.53000000
2022-01-25,65.99000000,67.20000000,61.65000000,62.87000000,6101561.77000000,6101561.77000000
2022-01-26,62.87000000,66.76000000,57.55000000,58.75000000,7565436.07000000,7565436.07000000
2022-01-27,58.76000000,61.70000000,50.64000000,54.15000000,7972043.99000000,7972043.99000000
2022-01-28,54.15000000,55.62000000,47.44000000,50.39000000,12376951.82000000,12376951.82000000
2022-01-29,50.35000000,53.68000000,50.05000000,50.94000000,6976347.37000000,6976347.37000000
2022-01-30,50.92000000,51.42000000,45.51000000,46.29000000,5214306.23000000,5214306.23000000
2022-01-31,46.29000000,52.62000000,43.44000000,52.16000000,9143537.66000000,9143537.66000000
2022-02-01,52.15000000,54.20000000,50.41000000,52.18000000,5975648.22000000,5975648.22000000
2022-02-02,52.17000000,53.45000000,47.25000000,47.56000000,5613387.93000000,5613387.93000000
2022-02-03,47.55000000,51.50000000,46.50000000,51.16000000,5596942.59000000,5596942.59000000
2022-02-04,51.14000000,54.06000000,48.99000000,53.93000000,7313927.63000000,7313927.63000000
2022-02-05,53.93000000,58.15000000,53.42000000,55.36000000,5717585.39000000,5717585.39000000
2022-02-06,55.36000000,57.21000000,53.08000000,56.08000000,3685761.85000000,3685761.85000000
2022-02-07,56.09000000,60.64000000,54.34000000,59.41000000,6282786.47000000,6282786.47000000
2022-02-08,59.40000000,59.89000000,54.79000000,57.26000000,5410233.47000000,5410233.47000000
2022-02-09,57.26000000,57.96000000,54.26000000,57.52000000,3836282.21000000,3836282.21000000
2022-02-10,57.51000000,57.58000000,51.84000000,52.18000000,5313652.80000000,5313652.80000000
2022-02-11,52.22000000,54.80000000,49.79000000,50.35000000,4385944.27000000,4385944.27000000
2022-02-12,50.34000000,53.68000000,49.39000000,52.15000000,3414907.74000000,3414907.74000000
2022-02-13,52.14000000,53.77000000,51.02000000,51.65000000,2278930.44000000,2278930.44000000
2022-02-14,51.66000000,54.60000000,51.41000000,53.80000000,2983010.65000000,2983010.65000000
2022-02-15,53.80000000,57.10000000,53.76000000,56.82000000,2817207.29000000,2817207.29000000
2022-02-16,56.84000000,58.28000000,55.12000000,56.04000000,2445821.58000000,2445821.58000000
2022-02-17,56.05000000,57.16000000,50.09000000,50.28000000,3034057.42000000,3034057.42000000
2022-02-18,50.29000000,51.85000000,48.86000000,50.59000000,3684907.93000000,3684907.93000000
2022-02-19,50.59000000,52.87000000,49.89000000,50.48000000,2388301.35000000,2388301.35000000
2022-02-20,50.48000000,50.70000000,47.29000000,49.34000000,3187659.69000000,3187659.69000000
2022-02-21,49.32000000,53.95000000,48.95000000,50.12000000,5984234.19000000,5984234.19000000
2022-02-22,50.11000000,56.05000000,48.43000000,54.74000000,6944791.71000000,6944791.71000000
2022-02-23,54.74000000,65.21000000,54.54000000,59.58000000,8683554.96000000,8683554.96000000
2022-02-24,59.59000000,66.07000000,50.25000000,65.15000000,17905166.95000000,17905166.95000000
2022-02-25,65.15000000,73.83000000,63.84000000,73.13000000,9926669.56000000,9926669.56000000
2022-02-26,73.12000000,79.60000000,72.16000000,78.13000000,6362000.36000000,6362000.36000000
2022-02-27,78.14000000,79.00000000,71.21000000,72.57000000,6577089.93000000,6577089.93000000
2022-02-28,72.57000000,95.38000000,70.44000000,91.35000000,9843336.91000000,9843336.91000000
2022-03-01,91.35000000,94.96000000,86.11000000,89.70000000,9042288.79000000,9042288.79000000
2022-03-02,89.69000000,97.29000000,88.12000000,92.29000000,8629130.94000000,8629130.94000000
2022-03-03,92.30000000,94.26000000,86.78000000,90.52000000,6006618.13000000,6006618.13000000
2022-03-04,90.52000000,93.51000000,82.76000000,83.44000000,7234521.75000000,7234521.75000000
2022-03-05,83.44000000,88.63000000,80.28000000,87.56000000,5341807.62000000,5341807.62000000
2022-03-06,87.55000000,88.38000000,78.50000000,79.20000000,5303792.40000000,5303792.40000000
2022-03-07,79.25000000,83.90000000,75.58000000,77.80000000,6096450.93000000,6096450.93000000
2022-03-08,77.78000000,86.97000000,77.28000000,85.28000000,5813319.13000000,5813319.13000000
2022-03-09,85.31000000,104.83000000,84.87000000,99.21000000,10598816.09000000,10598816.09000000
2022-03-10,99.22000000,104.59000000,92.02000000,101.16000000,10144007.25000000,10144007.25000000
2022-03-11,101.19000000,101.78000000,87.83000000,88.42000000,7889590.53000000,7889590.53000000
2022-03-12,88.41000000,92.54000000,85.76000000,86.05000000,3269128.37000000,3269128.37000000
2022-03-13,86.04000000,92.78000000,85.34000000,87.38000000,3712189.26000000,3712189.26000000
2022-03-14,87.37000000,94.98000000,86.63000000,94.87000000,5197090.94000000,5197090.94000000
2022-03-15,94.86000000,95.84000000,87.84000000,88.48000000,4400556.71000000,4400556.71000000
2022-03-16,88.49000000,90.70000000,86.00000000,89.15000000,4672933.49000000,4672933.49000000
2022-03-17,89.16000000,90.43000000,86.44000000,86.83000000,2847012.72000000,2847012.72000000
2022-03-18,86.84000000,88.75000000,82.57000000,88.54000000,4227993.24000000,4227993.24000000
2022-03-19,88.52000000,93.58000000,87.38000000,92.11000000,3456523.12000000,3456523.12000000
2022-03-20,92.11000000,94.47000000,89.67000000,90.62000000,2521853.46000000,2521853.46000000
2022-03-21,90.63000000,97.77000000,90.33000000,95.76000000,4219640.26000000,4219640.26000000
2022-03-22,95.76000000,96.51000000,92.14000000,93.06000000,2883487.28000000,2883487.28000000
2022-03-23,93.05000000,96.64000000,92.34000000,94.86000000,2603281.86000000,2603281.86000000
2022-03-24,94.86000000,95.77000000,91.58000000,93.64000000,2869855.93000000,2869855.93000000
2022-03-25,93.64000000,94.90000000,88.80000000,90.39000000,3066849.02000000,3066849.02000000
2022-03-26,90.38000000,91.94000000,88.87000000,91.37000000,1798813.88000000,1798813.88000000
2022-03-27,91.36000000,94.58000000,89.62000000,94.12000000,1654350.56000000,1654350.56000000
2022-03-28,94.11000000,101.66000000,92.90000000,97.18000000,5302793.37000000,5302793.37000000
2022-03-29,97.19000000,109.90000000,97.00000000,109.02000000,7575045.98000000,7575045.98000000
2022-03-30,109.03000000,111.52000000,103.49000000,106.04000000,4301211.71100000,4301211.71100000
2022-03-31,106.05000000,108.85000000,101.50000000,103.02000000,3103034.61000000,3103034.61000000
2022-04-01,103.02000000,108.00000000,98.51000000,105.90000000,3374194.40000000,3374194.40000000
2022-04-02,105.90000000,117.34000000,105.56000000,115.18000000,4530463.15000000,4530463.15000000
2022-04-03,115.16000000,118.09000000,111.62000000,112.87000000,3175771.40000000,3175771.40000000
2022-04-04,112.87000000,117.70000000,109.31000000,116.42000000,3521697.14000000,3521697.14000000
2022-04-05,116.43000000,119.55000000,113.69000000,116.27000000,3481840.59000000,3481840.59000000
2022-04-06,116.27000000,118.34000000,105.53000000,108.02000000,4785327.96000000,4785327.96000000
2022-04-07,108.02000000,109.64000000,100.31000000,103.52000000,3809536.78000000,3809536.78000000
2022-04-08,103.50000000,106.66000000,93.16000000,94.55000000,4608717.21000000,4608717.21000000
2022-04-09,94.53000000,97.60000000,92.12000000,97.41000000,2477140.95000000,2477140.95000000
2022-04-10,97.41000000,97.56000000,91.43000000,91.85000000,2050962.84000000,2050962.84000000
2022-04-11,91.85000000,92.18000000,80.61000000,82.52000000,5012294.63000000,5012294.63000000
2022-04-12,82.51000000,88.40000000,81.33000000,84.62000000,3614815.43000000,3614815.43000000
2022-04-13,84.62000000,88.10000000,82.77000000,87.92000000,2681723.11000000,2681723.11000000
2022-04-14,87.91000000,89.84000000,79.58000000,81.57000000,2831445.02000000,2831445.02000000
2022-04-15,81.56000000,82.70000000,79.04000000,80.39000000,1768888.44000000,1768888.44000000
2022-04-16,80.39000000,81.83000000,79.94000000,80.96000000,1177058.21000000,1177058.21000000
2022-04-17,80.96000000,82.50000000,76.92000000,77.19000000,1860566.56000000,1860566.56000000
2022-04-18,77.18000000,91.65000000,75.67000000,91.09000000,5392857.02000000,5392857.02000000
2022-04-19,91.09000000,95.99000000,88.42000000,95.46000000,3814030.83000000,3814030.83000000
2022-04-20,95.46000000,97.44000000,93.32000000,94.77000000,3304731.57000000,3304731.57000000
2022-04-21,94.76000000,99.43000000,89.94000000,90.80000000,3688069.76000000,3688069.76000000
2022-04-22,90.80000000,96.89000000,90.54000000,93.53000000,3914574.50000000,3914574.50000000
2022-04-23,93.52000000,94.06000000,88.79000000,89.28000000,1862239.48000000,1862239.48000000
2022-04-24,89.27000000,92.34000000,88.45000000,90.52000000,1806697.09000000,1806697.09000000
2022-04-25,90.52000000,97.50000000,87.26000000,96.93000000,4733212.32000000,4733212.32000000
2022-04-26,96.95000000,97.35000000,86.74000000,88.43000000,4455702.19000000,4455702.19000000
2022-04-27,88.43000000,90.64000000,87.50000000,89.03000000,2810528.97000000,2810528.97000000
2022-04-28,89.02000000,92.46000000,87.06000000,89.14000000,3414335.76000000,3414335.76000000
2022-04-29,89.13000000,89.73000000,84.10000000,85.08000000,2877996.82000000,2877996.82000000
2022-04-30,85.08000000,86.33000000,76.55000000,78.09000000,2907013.07000000,2907013.07000000
2022-05-01,78.10000000,82.67000000,76.49000000,82.23000000,3189986.38000000,3189986.38000000
2022-05-02,82.21000000,85.62000000,80.49000000,84.27000000,3340945.90000000,3340945.90000000
2022-05-03,84.25000000,85.88000000,81.21000000,82.50000000,2100354.86000000,2100354.86000000
2022-05-04,82.50000000,88.35000000,82.04000000,86.18000000,3261313.48000000,3261313.48000000
2022-05-05,86.18000000,87.87000000,78.51000000,82.35000000,4041993.64000000,4041993.64000000
2022-05-06,82.34000000,83.05000000,77.22000000,77.30000000,3872974.71000000,3872974.71000000
2022-05-07,77.30000000,77.50000000,63.25000000,68.13000000,6142369.50000000,6142369.50000000
2022-05-08,68.13000000,68.54000000,59.40000000,64.26000000,12843843.35000000,12843843.35000000
2022-05-09,64.27000000,65.29000000,30.00000000,30.29000000,33203121.52000000,33203121.52000000
2022-05-10,30.31000000,40.18000000,13.57000000,17.46000000,132055659.92500000,132055659.92500000
2022-05-11,17.46000000,19.66000000,0.69000000,1.07690000,2564440333.07600021,2564440333.07600021
2022-05-12,1.07820000,1.38000000,0.00028000,0.00032000,273239141790.44000244,273239141790.44000244
2022-05-13,0.00032000,0.00060000,0.00004000,0.00005000,145150420958.29998779,145150420958.29998779
2022-05-31,1.00000000,25.00000000,1.00000000,8.87000000,53335774.77000000,53335774.77000000
2022-06-01,8.86990000,8.99990000,6.01100000,6.52950000,29723084.51000000,29723084.51000000
2022-06-02,6.53050000,7.49000000,6.19160000,7.10250000,17903528.61000000,17903528.61000000
2022-06-03,7.11090000,7.11270000,6.16360000,6.48920000,8736465.23000000,8736465.23000000
2022-06-04,6.48690000,6.54410000,6.25000000,6.38050000,3350624.81000000,3350624.81000000
2022-06-05,6.38420000,6.38430000,4.55560000,4.87670000,20932583.32000000,20932583.32000000
2022-06-06,4.87670000,5.56310000,4.77020000,4.92160000,11193992.05000000,11193992.05000000
2022-06-07,4.91810000,4.96970000,3.65000000,3.82770000,15760103.28000000,15760103.28000000
2022-06-08,3.82310000,3.95000000,1.94630000,2.16910000,28394640.80000000,28394640.80000000
2022-06-09,2.16510000,3.52800000,2.04840000,3.08540000,49214137.13000000,49214137.13000000
2022-06-10,3.08540000,3.29530000,2.75170000,2.86350000,18326612.47000000,18326612.47000000
2022-06-11,2.86650000,2.94630000,2.48030000,2.61470000,12886083.34000000,12886083.34000000
2022-06-12,2.62190000,3.48840000,2.47310000,2.60000000,24322704.85000000,24322704.85000000
2022-06-13,2.60000000,2.79490000,2.27010000,2.53910000,22028552.38000000,22028552.38000000
2022-06-14,2.53620000,2.81750000,2.32000000,2.51660000,14705071.08000000,14705071.08000000
2022-06-15,2.51660000,2.59480000,2.03250000,2.53090000,19233132.30000000,19233132.30000000
2022-06-16,2.53120000,2.70000000,2.20060000,2.25500000,10890500.62000000,10890500.62000000
2022-06-17,2.25530000,2.33480000,2.18740000,2.23270000,7089386.27000000,7089386.27000000
2022-06-18,2.23210000,2.26270000,1.61000000,1.86500000,17396026.30000000,17396026.30000000
2022-06-19,1.86630000,2.27900000,1.75760000,2.11510000,18278034.34000000,18278034.34000000
2022-06-20,2.11610000,2.12620000,1.88000000,2.03710000,10653397.01000000,10653397.01000000
2022-06-21,2.03750000,2.22000000,2.01470000,2.03280000,11032333.11000000,11032333.11000000
2022-06-22,2.03070000,2.03310000,1.89280000,1.91760000,6835923.92000000,6835923.92000000
2022-06-23,1.91640000,1.99310000,1.78200000,1.94230000,9563737.66000000,9563737.66000000
2022-06-24,1.94200000,2.04830000,1.85570000,1.98620000,8342219.42000000,8342219.42000000
2022-06-25,1.98400000,2.04420000,1.92020000,1.99170000,7038853.04000000,7038853.04000000
2022-06-26,1.99300000,2.08020000,1.90840000,2.01370000,12521019.62000000,12521019.62000000
2022-06-27,2.01580000,2.77780000,1.95380000,2.22000000,60649216.07000000,60649216.07000000
2022-06-28,2.22170000,2.63900000,2.06000000,2.43390000,26804849.24000000,26804849.24000000
2022-06-29,2.43210000,2.82000000,2.34230000,2.62200000,29364179.47000000,29364179.47000000
2022-06-30,2.62290000,2.62990000,2.02000000,2.12880000,14264708.27000000,14264708.27000000
2022-07-01,2.12510000,2.22980000,2.02980000,2.13960000,10106382.24000000,10106382.24000000
2022-07-02,2.13700000,2.20070000,2.06070000,2.10910000,6012331.48000000,6012331.48000000
2022-07-03,2.10830000,2.16450000,2.06000000,2.15280000,4357543.83000000,4357543.83000000
2022-07-04,2.15180000,2.25500000,2.10000000,2.24710000,5688785.36000000,5688785.36000000
2022-07-05,2.24770000,2.24960000,2.10710000,2.16280000,7158083.15000000,7158083.15000000
2022-07-06,2.16090000,2.17650000,2.11960000,2.15220000,4106345.60000000,4106345.60000000
2022-07-07,2.15090000,2.20120000,2.12590000,2.19260000,4227695.55000000,4227695.55000000
2022-07-08,2.19330000,2.45800000,2.18830000,2.27570000,10346767.47000000,10346767.47000000
2022-07-09,2.27640000,2.28680000,2.20100000,2.26370000,3364243.50000000,3364243.50000000
2022-07-10,2.26540000,2.27480000,2.02000000,2.11220000,5769014.20000000,5769014.20000000
2022-07-11,2.11520000,2.11610000,1.83000000,1.88700000,6721211.54000000,6721211.54000000
2022-07-12,1.88610000,1.93800000,1.79150000,1.81550000,6002079.75000000,6002079.75000000
2022-07-13,1.81730000,1.88850000,1.48080000,1.81180000,10217494.87000000,10217494.87000000
2022-07-14,1.81160000,1.83880000,1.68610000,1.77000000,6841695.52000000,6841695.52000000
2022-07-15,1.76990000,1.87680000,1.71390000,1.81000000,6159757.22000000,6159757.22000000
2022-07-16,1.80910000,1.82290000,1.72440000,1.80960000,3838190.62000000,3838190.62000000
2022-07-17,1.80660000,1.85990000,1.73620000,1.76780000,4154789.87000000,4154789.87000000
2022-07-18,1.76780000,2.20620000,1.76000000,2.03650000,14562352.76000000,14562352.76000000
2022-07-19,2.03530000,2.14360000,1.85500000,2.00060000,7426513.86000000,7426513.86000000
2022-07-20,2.00060000,2.18950000,1.83110000,1.90440000,9872428.39000000,9872428.39000000
2022-07-21,1.90480000,1.94940000,1.77500000,1.91120000,5620848.88000000,5620848.88000000
2022-07-22,1.91130000,1.94000000,1.82460000,1.85230000,3737527.30000000,3737527.30000000
2022-07-23,1.85230000,1.93120000,1.80170000,1.85600000,3579242.60000000,3579242.60000000
2022-07-24,1.85500000,1.93120000,1.85310000,1.86270000,3018275.75000000,3018275.75000000
2022-07-25,1.86280000,1.87180000,1.65000000,1.67880000,4860400.06000000,4860400.06000000
2022-07-26,1.67510000,1.71900000,1.61730000,1.71470000,3898582.94000000,3898582.94000000
2022-07-27,1.71520000,1.83010000,1.69000000,1.80930000,4018498.67000000,4018498.67000000
2022-07-28,1.80940000,1.90990000,1.78130000,1.86180000,5817365.01000000,5817365.01000000
2022-07-29,1.86080000,2.12400000,1.84160000,1.91710000,8532939.53000000,8532939.53000000
2022-07-30,1.91810000,2.00000000,1.81780000,1.86120000,4896935.33000000,4896935.33000000
2022-07-31,1.86170000,2.11780000,1.84950000,1.88000000,8613484.52000000,8613484.52000000
2022-08-01,1.88260000,2.64250000,1.85750000,2.27350000,37782266.94000000,37782266.94000000
2022-08-02,2.27030000,2.33490000,2.21740000,2.28150000,840313.50000000,840313.50000000
