,Open,High,Low,Close,Volume,Market Cap
2020-08-21,3.20380000,3.24000000,2.89000000,2.93170000,1131895.90000000,1131895.90000000
2020-08-22,2.92130000,3.20000000,2.74310000,3.01260000,1169417.78000000,1169417.78000000
2020-08-23,3.02240000,3.40000000,3.00140000,3.25000000,1198036.69000000,1198036.69000000
2020-08-24,3.26580000,3.62000000,3.21000000,3.34050000,1315196.06000000,1315196.06000000
2020-08-25,3.34060000,3.36540000,3.00010000,3.25000000,1149187.37000000,1149187.37000000
2020-08-26,3.25760000,3.79990000,3.18090000,3.56840000,2290030.56000000,2290030.56000000
2020-08-27,3.55570000,3.85750000,3.24340000,3.45010000,2412974.80000000,2412974.80000000
2020-08-28,3.45030000,4.30910000,3.45030000,4.00630000,2581936.84000000,2581936.84000000
2020-08-29,4.00700000,4.11210000,3.77480000,3.95350000,1342844.20000000,1342844.20000000
2020-08-30,3.95310000,4.71170000,3.90000000,4.43090000,1815681.99000000,1815681.99000000
2020-08-31,4.41270000,4.88650000,4.10000000,4.74350000,1497129.12000000,1497129.12000000
2020-09-01,4.74320000,4.94750000,4.30000000,4.33970000,1267574.76000000,1267574.76000000
2020-09-02,4.32130000,4.35060000,3.66000000,4.17000000,2002058.36000000,2002058.36000000
2020-09-03,4.17000000,4.45900000,3.47720000,3.50510000,3275612.26000000,3275612.26000000
2020-09-04,3.50620000,3.83460000,3.17390000,3.53010000,2052197.24000000,2052197.24000000
2020-09-05,3.53010000,3.66370000,2.09260000,2.60520000,4426267.38000000,4426267.38000000
2020-09-06,2.61190000,3.18000000,2.25750000,3.09410000,2898758.91000000,2898758.91000000
2020-09-07,3.07850000,3.19830000,2.38000000,2.92370000,2680083.17000000,2680083.17000000
2020-09-08,2.92370000,2.94990000,2.40000000,2.46800000,1626389.70000000,1626389.70000000
2020-09-09,2.46800000,3.88380000,2.38210000,3.60010000,6691121.99000000,6691121.99000000
2020-09-10,3.61070000,3.87500000,3.30400000,3.47610000,4356890.66000000,4356890.66000000
2020-09-11,3.47070000,3.50360000,3.03160000,3.39650000,2227636.94000000,2227636.94000000
2020-09-12,3.39670000,3.47000000,3.14940000,3.33160000,1161542.47000000,1161542.47000000
2020-09-13,3.33860000,3.47000000,2.98380000,3.26030000,2024779.41000000,2024779.41000000
2020-09-14,3.26560000,3.53930000,3.07520000,3.26410000,3351649.61000000,3351649.61000000
2020-09-15,3.26400000,3.32490000,2.89550000,2.92950000,1698391.09000000,1698391.09000000
2020-09-16,2.92880000,2.92930000,2.42820000,2.53270000,4886766.99000000,4886766.99000000
2020-09-17,2.53760000,2.93890000,2.36000000,2.88290000,4635747.31000000,4635747.31000000
2020-09-18,2.88300000,3.16000000,2.72600000,3.11440000,4169446.23000000,4169446.23000000
2020-09-19,3.10840000,3.25450000,2.95640000,3.03100000,1586219.86000000,1586219.86000000
2020-09-20,3.02160000,3.03190000,2.70000000,2.86280000,1456628.58000000,1456628.58000000
2020-09-21,2.86280000,3.03970000,2.46890000,2.76720000,3567879.31000000,3567879.31000000
2020-09-22,2.75710000,3.01070000,2.65000000,2.90820000,3416786.33000000,3416786.33000000
2020-09-23,2.91840000,3.09000000,2.70010000,2.85480000,2762150.96000000,2762150.96000000
2020-09-24,2.85500000,3.25710000,2.78040000,3.14330000,2983701.04000000,2983701.04000000
2020-09-25,3.14090000,3.27660000,2.90030000,3.19370000,2447843.22000000,2447843.22000000
2020-09-26,3.18500000,3.25000000,3.03000000,3.12870000,1357018.72000000,1357018.72000000
2020-09-27,3.12920000,3.18570000,2.98190000,3.15780000,983815.86000000,983815.86000000
2020-09-28,3.15570000,3.21090000,2.90800000,2.95990000,1306134.15000000,1306134.15000000
2020-09-29,2.95490000,3.02700000,2.87350000,2.95050000,950875.56000000,950875.56000000
2020-09-30,2.94470000,2.98380000,2.82280000,2.89670000,722757.83000000,722757.83000000
2020-10-01,2.89670000,2.98890000,2.65000000,2.86690000,1373061.59000000,1373061.59000000
2020-10-02,2.86670000,2.88730000,2.42000000,2.62320000,2788493.11000000,2788493.11000000
2020-10-03,2.62310000,2.67080000,2.53560000,2.54390000,547025.23000000,547025.23000000
2020-10-04,2.54200000,2.58980000,2.42000000,2.52020000,765399.21000000,765399.21000000
2020-10-05,2.51810000,2.68300000,2.45610000,2.65220000,912587.17000000,912587.17000000
2020-10-06,2.64860000,2.66040000,2.13000000,2.17400000,1784025.33000000,1784025.33000000
2020-10-07,2.17210000,2.40830000,2.08100000,2.30050000,2087951.20000000,2087951.20000000
2020-10-08,2.30010000,2.45690000,2.01230000,2.36380000,2759189.94000000,2759189.94000000
2020-10-09,2.36860000,2.63000000,2.30300000,2.53140000,1878523.79000000,1878523.79000000
2020-10-10,2.52740000,2.60560000,2.38730000,2.39990000,1278940.27000000,1278940.27000000
2020-10-11,2.39880000,2.46070000,2.34010000,2.42270000,898764.08000000,898764.08000000
2020-10-12,2.42280000,2.70440000,2.41320000,2.58360000,2155387.01000000,2155387.01000000
2020-10-13,2.58260000,2.58670000,2.33600000,2.40620000,1951031.10000000,1951031.10000000
2020-10-14,2.40610000,2.44240000,2.23310000,2.31070000,1125385.85000000,1125385.85000000
2020-10-15,2.31080000,2.34850000,2.19320000,2.26820000,754909.09000000,754909.09000000
2020-10-16,2.26480000,2.26900000,2.10710000,2.13980000,1546650.13000000,1546650.13000000
2020-10-17,2.13740000,2.24620000,2.11070000,2.20530000,482249.55000000,482249.55000000
2020-10-18,2.20310000,2.25950000,2.17630000,2.21500000,478921.26000000,478921.26000000
2020-10-19,2.21370000,2.21480000,2.05000000,2.05920000,909217.19000000,909217.19000000
2020-10-20,2.05520000,2.10800000,1.84010000,1.88500000,1933167.04000000,1933167.04000000
2020-10-21,1.88730000,2.11000000,1.84150000,1.88870000,3222724.75000000,3222724.75000000
2020-10-22,1.88680000,2.09000000,1.84810000,1.95820000,1624778.09000000,1624778.09000000
2020-10-23,1.95660000,1.99020000,1.85000000,1.95900000,1559992.35000000,1559992.35000000
2020-10-24,1.96520000,1.97300000,1.88000000,1.91420000,748093.83000000,748093.83000000
2020-10-25,1.91750000,1.92440000,1.76000000,1.79260000,1365865.99000000,1365865.99000000
2020-10-26,1.79250000,1.86850000,1.61210000,1.67990000,2021871.84000000,2021871.84000000
2020-10-27,1.67710000,1.75000000,1.59060000,1.71100000,2591150.26000000,2591150.26000000
2020-10-28,1.70840000,1.72550000,1.45080000,1.51800000,3354618.28000000,3354618.28000000
2020-10-29,1.51660000,1.57540000,1.41480000,1.43270000,1233628.05000000,1233628.05000000
2020-10-30,1.43280000,1.47260000,1.31630000,1.43810000,1401628.09000000,1401628.09000000
2020-10-31,1.43830000,1.55800000,1.42660000,1.54970000,851989.58000000,851989.58000000
2020-11-01,1.54970000,1.64630000,1.51370000,1.60800000,960664.24000000,960664.24000000
2020-11-02,1.60760000,1.64320000,1.46210000,1.47380000,867738.07000000,867738.07000000
2020-11-03,1.47290000,1.48400000,1.40620000,1.41180000,983164.88000000,983164.88000000
2020-11-04,1.41230000,1.41440000,1.27330000,1.39120000,2560523.86000000,2560523.86000000
2020-11-05,1.38950000,1.49280000,1.30000000,1.40070000,1598492.56000000,1598492.56000000
2020-11-06,1.40300000,1.94820000,1.39460000,1.90000000,3846546.90000000,3846546.90000000
2020-11-07,1.90690000,2.49750000,1.82760000,2.02150000,8862610.63000000,8862610.63000000
2020-11-08,2.02640000,2.28250000,1.96080000,2.15580000,4800345.92000000,4800345.92000000
2020-11-09,2.15150000,2.19910000,1.94560000,2.02990000,3050443.52000000,3050443.52000000
2020-11-10,2.03830000,2.32570000,2.00800000,2.26610000,2119423.36000000,2119423.36000000
2020-11-11,2.26650000,2.30000000,1.96730000,2.00000000,1863686.19000000,1863686.19000000
2020-11-12,2.00000000,2.06000000,1.82500000,1.90890000,1522310.89000000,1522310.89000000
2020-11-13,1.90890000,2.08080000,1.89970000,2.01410000,1595684.08000000,1595684.08000000
2020-11-14,2.02220000,2.03740000,1.86900000,1.91820000,1191847.42000000,1191847.42000000
2020-11-15,1.92040000,2.21800000,1.91330000,2.04070000,3348186.49000000,3348186.49000000
2020-11-16,2.03900000,2.37000000,1.98580000,2.26260000,3192029.56000000,3192029.56000000
2020-11-17,2.26650000,2.33000000,2.12500000,2.19980000,2311120.85000000,2311120.85000000
2020-11-18,2.19620000,2.21730000,2.00010000,2.11530000,2054379.16000000,2054379.16000000
2020-11-19,2.11220000,2.18480000,2.01360000,2.08500000,1391861.95000000,1391861.95000000
2020-11-20,2.08410000,2.23870000,2.05210000,2.10330000,1589414.51000000,1589414.51000000
2020-11-21,2.09990000,2.51000000,2.03510000,2.38220000,2963489.50000000,2963489.50000000
2020-11-22,2.38250000,2.42010000,2.04000000,2.15140000,2448127.25000000,2448127.25000000
2020-11-23,2.16100000,2.36350000,2.11200000,2.27860000,2094160.76000000,2094160.76000000
2020-11-24,2.27860000,2.47310000,2.13380000,2.28230000,3534792.04000000,3534792.04000000
2020-11-25,2.27950000,2.49000000,2.17030000,2.26610000,3597681.61000000,3597681.61000000
2020-11-26,2.26530000,2.31010000,1.72120000,1.91110000,6803274.72000000,6803274.72000000
2020-11-27,1.91170000,2.04000000,1.76940000,1.86100000,1802241.32000000,1802241.32000000
2020-11-28,1.86440000,1.94000000,1.80160000,1.88680000,1381390.77000000,1381390.77000000
2020-11-29,1.88580000,1.94700000,1.85000000,1.91530000,862711.64000000,862711.64000000
2020-11-30,1.91840000,2.01820000,1.90340000,1.96650000,1094620.01000000,1094620.01000000
2020-12-01,1.96410000,2.14040000,1.91680000,1.97380000,2102911.64000000,2102911.64000000
2020-12-02,1.97020000,2.20980000,1.93330000,2.12090000,2203748.48000000,2203748.48000000
2020-12-03,2.11900000,2.22790000,2.07400000,2.09670000,3182362.33000000,3182362.33000000
2020-12-04,2.09670000,2.11230000,1.83600000,1.85350000,1424943.39000000,1424943.39000000
2020-12-05,1.85070000,1.98300000,1.82000000,1.97950000,1087998.40000000,1087998.40000000
2020-12-06,1.97950000,1.99070000,1.79560000,1.85050000,1125736.37000000,1125736.37000000
2020-12-07,1.85150000,1.89900000,1.80880000,1.82720000,962743.70000000,962743.70000000
2020-12-08,1.83010000,1.83010000,1.62110000,1.66310000,2296665.59000000,2296665.59000000
2020-12-09,1.66000000,1.67770000,1.50000000,1.65920000,2093499.32000000,2093499.32000000
2020-12-10,1.65990000,1.66640000,1.53950000,1.56830000,1061425.89000000,1061425.89000000
2020-12-11,1.57390000,1.57740000,1.43280000,1.43890000,1429080.75000000,1429080.75000000
2020-12-12,1.43680000,1.53820000,1.43660000,1.49120000,1423640.73000000,1423640.73000000
2020-12-13,1.49090000,1.70000000,1.45780000,1.57010000,1749534.43000000,1749534.43000000
2020-12-14,1.56510000,1.62530000,1.52240000,1.59460000,1503571.44000000,1503571.44000000
2020-12-15,1.59400000,1.80390000,1.58750000,1.75860000,3562068.86000000,3562068.86000000
2020-12-16,1.75770000,1.79190000,1.60250000,1.78290000,3098111.32000000,3098111.32000000
2020-12-17,1.78000000,1.80640000,1.63820000,1.68000000,2528060.41000000,2528060.41000000
2020-12-18,1.67690000,1.70770000,1.63070000,1.70140000,1127224.49000000,1127224.49000000
2020-12-19,1.69870000,1.76770000,1.65950000,1.67070000,1332107.96000000,1332107.96000000
2020-12-20,1.67060000,1.68890000,1.52100000,1.56350000,1368277.59000000,1368277.59000000
2020-12-21,1.56050000,1.62000000,1.49000000,1.53310000,1265977.95000000,1265977.95000000
2020-12-22,1.53540000,1.57990000,1.47000000,1.49000000,2035459.30000000,2035459.30000000
2020-12-23,1.49000000,1.51260000,1.03010000,1.19800000,4351555.90000000,4351555.90000000
2020-12-24,1.19870000,1.38880000,1.16520000,1.36120000,1784967.07000000,1784967.07000000
2020-12-25,1.36410000,1.45990000,1.34170000,1.44640000,1391332.89000000,1391332.89000000
2020-12-26,1.44880000,1.44970000,1.31180000,1.32580000,912192.33000000,912192.33000000
2020-12-27,1.32400000,1.41700000,1.26160000,1.30370000,2170898.45000000,2170898.45000000
2020-12-28,1.30410000,1.52230000,1.28670000,1.51720000,2158620.57000000,2158620.57000000
2020-12-29,1.51870000,1.73500000,1.43880000,1.67040000,4870104.61000000,4870104.61000000
2020-12-30,1.67340000,1.69030000,1.52350000,1.53500000,2171296.28000000,2171296.28000000
2020-12-31,1.53370000,1.55230000,1.42000000,1.50730000,2169627.35000000,2169627.35000000
2021-01-01,1.50880000,1.86000000,1.49900000,1.84210000,4421991.45000000,4421991.45000000
2021-01-02,1.84210000,2.00000000,1.71160000,1.79990000,5253819.62000000,5253819.62000000
2021-01-03,1.79980000,2.38000000,1.79730000,2.17790000,8318341.13000000,8318341.13000000
2021-01-04,2.17890000,2.49890000,1.86000000,2.49090000,7800814.80000000,7800814.80000000
2021-01-05,2.49110000,2.50930000,2.06210000,2.16360000,6702006.99000000,6702006.99000000
2021-01-06,2.16360000,2.18900000,1.90170000,1.94140000,8451529.47000000,8451529.47000000
2021-01-07,1.94040000,2.65000000,1.92140000,2.36350000,30861006.24000000,30861006.24000000
2021-01-08,2.36550000,3.80000000,2.17500000,3.22140000,29866396.67000000,29866396.67000000
2021-01-09,3.21200000,3.69980000,2.93000000,3.38290000,9881188.65000000,9881188.65000000
2021-01-10,3.37340000,3.75170000,3.15560000,3.44900000,5819813.51000000,5819813.51000000
2021-01-11,3.44550000,3.52820000,2.57950000,3.10160000,8755693.07000000,8755693.07000000
2021-01-12,3.10160000,3.88000000,3.05800000,3.63540000,7075911.68000000,7075911.68000000
2021-01-13,3.63540000,3.63700000,3.26330000,3.52420000,5123655.80000000,5123655.80000000
2021-01-14,3.52430000,3.59550000,3.18140000,3.29210000,6422109.73000000,6422109.73000000
2021-01-15,3.29210000,3.44890000,2.96180000,3.24750000,4812542.83000000,4812542.83000000
2021-01-16,3.24790000,3.70810000,3.24630000,3.42470000,8562549.63000000,8562549.63000000
2021-01-17,3.42510000,3.98760000,3.30000000,3.82680000,8531899.81000000,8531899.81000000
2021-01-18,3.82430000,4.17000000,3.61670000,3.78680000,6226924.77000000,6226924.77000000
2021-01-19,3.78730000,4.04980000,3.60000000,3.62870000,4768719.77000000,4768719.77000000
2021-01-20,3.62880000,3.74130000,3.34000000,3.71660000,4801640.28000000,4801640.28000000
2021-01-21,3.71990000,3.74110000,2.97170000,2.98990000,4385838.62000000,4385838.62000000
2021-01-22,2.98930000,3.49920000,2.52950000,3.33520000,6481502.65000000,6481502.65000000
2021-01-23,3.33020000,3.60000000,3.30560000,3.50790000,2269454.70000000,2269454.70000000
2021-01-24,3.50180000,3.79000000,3.47810000,3.62780000,2457759.67000000,2457759.67000000
2021-01-25,3.62870000,3.99280000,3.43980000,3.70380000,6791542.33000000,6791542.33000000
2021-01-26,3.70360000,4.09700000,3.64780000,4.04100000,6618303.90000000,6618303.90000000
2021-01-27,4.04180000,4.04220000,3.51140000,3.67500000,2491757.82000000,2491757.82000000
2021-01-28,3.66400000,3.96000000,3.60000000,3.81000000,2055425.01000000,2055425.01000000
2021-01-29,3.80920000,3.91200000,3.60000000,3.82930000,2992168.86000000,2992168.86000000
2021-01-30,3.83010000,4.31790000,3.76670000,4.22800000,3944655.04000000,3944655.04000000
2021-01-31,4.22800000,4.80500000,4.15400000,4.25250000,5438870.48000000,5438870.48000000
2021-02-01,4.25680000,4.61700000,4.10750000,4.61480000,2097052.47000000,2097052.47000000
2021-02-02,4.61480000,5.40260000,4.46320000,5.23310000,5278922.61000000,5278922.61000000
2021-02-03,5.24300000,5.78300000,5.05130000,5.73110000,3977458.72000000,3977458.72000000
2021-02-04,5.73390000,6.54260000,5.56760000,6.40850000,5609382.39000000,5609382.39000000
2021-02-05,6.41810000,7.14380000,6.40860000,6.70050000,4235525.49000000,4235525.49000000
2021-02-06,6.70010000,6.81810000,5.70000000,6.12250000,5040208.25000000,5040208.25000000
2021-02-07,6.12190000,6.88070000,5.75000000,6.69760000,5111066.89000000,5111066.89000000
2021-02-08,6.69310000,8.07800000,6.45540000,7.85500000,6719151.08000000,6719151.08000000
2021-02-09,7.86510000,8.49450000,7.55000000,7.80050000,4803489.37000000,4803489.37000000
2021-02-10,7.80050000,9.09000000,7.26000000,9.09000000,4419421.79000000,4419421.79000000
2021-02-11,9.08970000,9.74250000,8.72000000,9.20040000,5694878.77000000,5694878.77000000
2021-02-12,9.20580000,9.93000000,9.03530000,9.20000000,2867258.84000000,2867258.84000000
2021-02-13,9.20070000,9.51170000,8.65800000,8.74410000,3487478.68000000,3487478.68000000
2021-02-14,8.74480000,9.23000000,8.52930000,8.71580000,2889949.04000000,2889949.04000000
2021-02-15,8.72340000,9.38000000,7.70000000,8.85160000,3424896.19000000,3424896.19000000
2021-02-16,8.86600000,9.00000000,7.96010000,8.30020000,2257217.69000000,2257217.69000000
2021-02-17,8.30350000,8.45000000,7.51820000,8.23570000,3331645.44000000,3331645.44000000
2021-02-18,8.24120000,9.32000000,8.23000000,8.97710000,2479859.19000000,2479859.19000000
2021-02-19,8.98800000,11.85000000,8.52570000,11.49120000,7106323.06000000,7106323.06000000
2021-02-20,11.48450000,11.83270000,9.75400000,9.98690000,4731324.37000000,4731324.37000000
2021-02-21,9.98490000,11.67070000,9.81010000,11.07530000,3694265.15000000,3694265.15000000
2021-02-22,11.07380000,14.80000000,9.10000000,14.41910000,14711670.80000000,14711670.80000000
2021-02-23,14.41760000,15.88880000,11.47000000,15.22440000,24306320.76000000,24306320.76000000
2021-02-24,15.23890000,18.20520000,14.79170000,17.16910000,10777544.75000000,10777544.75000000
2021-02-25,17.17450000,17.69000000,13.65790000,13.84420000,9520373.92000000,9520373.92000000
2021-02-26,13.85650000,15.50830000,13.10000000,13.59620000,8029513.17000000,8029513.17000000
2021-02-27,13.58640000,14.83590000,13.01000000,13.19160000,6232463.19000000,6232463.19000000
2021-02-28,13.18530000,13.77390000,11.41700000,13.08870000,7231344.75000000,7231344.75000000
2021-03-01,13.08000000,15.54690000,13.01020000,14.98550000,5511248.26000000,5511248.26000000
2021-03-02,14.99890000,15.25000000,13.35440000,13.94380000,4128426.11000000,4128426.11000000
2021-03-03,13.95460000,14.73800000,13.70180000,14.07420000,3277327.93000000,3277327.93000000
2021-03-04,14.09360000,14.27370000,12.73600000,13.05080000,2764372.37000000,2764372.37000000
2021-03-05,13.06490000,13.09920000,12.12510000,12.53820000,2069391.25000000,2069391.25000000
2021-03-06,12.55070000,13.31000000,11.90000000,13.04210000,3061674.23000000,3061674.23000000
2021-03-07,13.04430000,14.01400000,12.70490000,13.81740000,2999418.25000000,2999418.25000000
2021-03-08,13.81740000,13.90600000,12.99600000,13.60280000,2116684.52000000,2116684.52000000
2021-03-09,13.60800000,14.99210000,13.19850000,14.83900000,2594490.90000000,2594490.90000000
2021-03-10,14.85000000,15.21180000,14.05250000,14.20480000,1943926.10000000,1943926.10000000
2021-03-11,14.20110000,16.32220000,13.67000000,16.03100000,4125742.57000000,4125742.57000000
2021-03-12,16.05190000,16.50000000,14.08030000,14.55970000,3678388.38000000,3678388.38000000
2021-03-13,14.55320000,15.40720000,13.84390000,15.30330000,2632320.37000000,2632320.37000000
2021-03-14,15.29020000,15.37600000,14.33990000,14.46050000,1750244.94000000,1750244.94000000
2021-03-15,14.46100000,14.82140000,13.61790000,14.15770000,2020949.93000000,2020949.93000000
2021-03-16,14.15860000,14.29330000,13.13890000,13.63920000,2501657.49000000,2501657.49000000
2021-03-17,13.63790000,14.26850000,13.03260000,14.20180000,1703006.56000000,1703006.56000000
2021-03-18,14.19870000,14.75000000,13.95700000,14.20400000,1576671.71000000,1576671.71000000
2021-03-19,14.21530000,14.48830000,13.85540000,14.15520000,1461762.29000000,1461762.29000000
2021-03-20,14.15880000,14.97930000,14.09000000,14.18940000,1393209.56000000,1393209.56000000
2021-03-21,14.17880000,14.36360000,13.63800000,14.33720000,1191850.82000000,1191850.82000000
2021-03-22,14.33720000,16.59000000,14.16970000,14.79640000,5102991.54000000,5102991.54000000
2021-03-23,14.79620000,15.22700000,14.01460000,14.15520000,2004427.43000000,2004427.43000000
2021-03-24,14.14330000,15.37190000,13.58420000,13.59730000,2317339.72000000,2317339.72000000
2021-03-25,13.58440000,13.73290000,12.47000000,12.97870000,2292323.10000000,2292323.10000000
2021-03-26,12.97890000,14.79210000,12.30430000,14.76640000,2972281.77000000,2972281.77000000
2021-03-27,14.77510000,16.80000000,14.71730000,16.45890000,4053893.70000000,4053893.70000000
2021-03-28,16.45160000,19.38000000,16.30490000,18.06450000,7200727.49000000,7200727.49000000
2021-03-29,18.06450000,19.00000000,17.64390000,18.95040000,3064381.78000000,3064381.78000000
2021-03-30,18.95040000,20.87000000,18.91050000,19.06850000,3808354.10000000,3808354.10000000
2021-03-31,19.06450000,19.81540000,18.00000000,19.38610000,2784733.45000000,2784733.45000000
2021-04-01,19.38180000,20.35830000,18.74330000,19.04430000,2230609.34000000,2230609.34000000
2021-04-02,19.04430000,19.80030000,18.34500000,19.75010000,1773300.55000000,1773300.55000000
2021-04-03,19.75130000,23.84760000,19.72280000,22.50000000,6266319.50000000,6266319.50000000
2021-04-04,22.46720000,25.53090000,21.98670000,23.77550000,5274539.83000000,5274539.83000000
2021-04-05,23.77550000,24.78000000,22.76640000,22.97170000,2821214.21000000,2821214.21000000
2021-04-06,22.98760000,25.30000000,21.75540000,25.05480000,3326493.23000000,3326493.23000000
2021-04-07,25.05480000,27.52030000,22.90780000,26.53850000,7815658.63000000,7815658.63000000
2021-04-08,26.53700000,27.99510000,25.64310000,26.93840000,4209553.61000000,4209553.61000000
2021-04-09,26.92610000,29.00000000,26.70970000,27.61720000,3037133.30000000,3037133.30000000
2021-04-10,27.61940000,28.29480000,25.90170000,26.80210000,2705997.06000000,2705997.06000000
2021-04-11,26.79930000,28.64900000,25.51310000,27.85170000,2517685.81000000,2517685.81000000
2021-04-12,27.85980000,29.92950000,26.80490000,28.54240000,2842013.26000000,2842013.26000000
2021-04-13,28.52660000,28.81620000,26.26160000,27.45070000,2275774.43000000,2275774.43000000
2021-04-14,27.45710000,27.56130000,24.70000000,26.40670000,3623963.28000000,3623963.28000000
2021-04-15,26.41820000,28.20000000,25.44790000,27.78160000,2146653.64000000,2146653.64000000
2021-04-16,27.79460000,28.25710000,24.85470000,25.29960000,2673912.32000000,2673912.32000000
2021-04-17,25.29260000,26.79140000,24.81810000,24.85000000,2442737.39000000,2442737.39000000
2021-04-18,24.85170000,32.99000000,21.10000000,32.33580000,11699397.05000000,11699397.05000000
2021-04-19,32.33240000,36.09500000,29.80660000,31.47110000,12075270.90000000,12075270.90000000
2021-04-20,31.53030000,32.80000000,28.81000000,31.70280000,7036100.92000000,7036100.92000000
2021-04-21,31.69390000,35.18010000,30.11010000,32.55340000,6573327.09000000,6573327.09000000
2021-04-22,32.59650000,41.15870000,31.45860000,38.90000000,14017530.86000000,14017530.86000000
2021-04-23,38.87180000,41.74000000,31.49360000,37.38930000,14705148.48000000,14705148.48000000
2021-04-24,37.30180000,43.63970000,34.58610000,40.84010000,9722785.06000000,9722785.06000000
2021-04-25,40.85250000,48.64400000,40.57200000,47.40500000,11964753.80100000,11964753.80100000
2021-04-26,47.39500000,48.49900000,43.26700000,43.87800000,11079170.60200000,11079170.60200000
2021-04-27,43.88400000,46.60600000,42.50000000,43.14700000,7101848.71800000,7101848.71800000
2021-04-28,43.14700000,46.96200000,40.51600000,44.83300000,7855066.31900000,7855066.31900000
2021-04-29,44.83100000,46.23300000,40.90600000,42.48400000,5805381.22100000,5805381.22100000
2021-04-30,42.45200000,44.31300000,41.21000000,42.78600000,3302673.31100000,3302673.31100000
2021-05-01,42.78600000,49.88000000,42.00100000,49.67000000,5804048.04500000,5804048.04500000
2021-05-02,49.64600000,49.99000000,45.90400000,46.89700000,3794411.24500000,3794411.24500000
2021-05-03,46.92600000,49.00000000,44.77400000,45.91200000,3686007.36900000,3686007.36900000
2021-05-04,45.93500000,47.81000000,42.26000000,42.63600000,4180557.38100000,4180557.38100000
2021-05-05,42.63600000,46.00000000,42.30500000,44.98000000,2772821.52300000,2772821.52300000
2021-05-06,44.96500000,44.98000000,42.55000000,43.49600000,2337263.01200000,2337263.01200000
2021-05-07,43.49600000,46.24300000,41.42000000,43.18200000,3259646.39900000,3259646.39900000
2021-05-08,43.15400000,46.65000000,42.27500000,45.61200000,2539093.01100000,2539093.01100000
2021-05-09,45.63200000,47.15000000,42.60000000,44.33000000,3095018.71700000,3095018.71700000
2021-05-10,44.33000000,45.89000000,39.00000000,42.85400000,2869549.01700000,2869549.01700000
2021-05-11,42.86800000,45.18000000,39.70000000,44.53800000,2758407.69400000,2758407.69400000
2021-05-12,44.57900000,49.24300000,42.18000000,43.70900000,7592760.12800000,7592760.12800000
2021-05-13,43.39400000,45.50100000,37.43000000,41.04900000,7162647.06100000,7162647.06100000
2021-05-14,41.05100000,44.89700000,39.90100000,42.70000000,3421838.27700000,3421838.27700000
2021-05-15,42.69700000,45.50000000,39.30500000,43.48600000,3357108.61700000,3357108.61700000
2021-05-16,43.46200000,52.60000000,41.60200000,46.85000000,13162867.42900000,13162867.42900000
2021-05-17,46.85000000,51.98500000,43.01000000,46.70800000,13839076.47800000,13839076.47800000
2021-05-18,46.74700000,58.38000000,46.05100000,55.97700000,12538546.69800000,12538546.69800000
2021-05-19,55.96900000,57.69100000,26.50000000,34.98800000,22259967.84900000,22259967.84900000
2021-05-20,34.98700000,53.00000000,32.00000000,44.42000000,17869805.90800000,17869805.90800000
2021-05-21,44.36700000,47.70000000,33.67300000,38.92500000,13740700.64100000,13740700.64100000
2021-05-22,38.92500000,40.00000000,31.13400000,31.22200000,10122098.00500000,10122098.00500000
2021-05-23,31.22200000,32.40000000,19.11700000,24.53600000,25787150.86400000,25787150.86400000
2021-05-24,24.53000000,32.19000000,24.49600000,31.41600000,15414302.32300000,15414302.32300000
2021-05-25,31.42000000,33.19500000,25.91500000,29.97300000,10300933.60800000,10300933.60800000
2021-05-26,29.98500000,37.25000000,28.85800000,35.43000000,10601343.23400000,10601343.23400000
2021-05-27,35.42700000,35.59400000,30.97600000,33.74700000,5698854.67600000,5698854.67600000
2021-05-28,33.76100000,34.55100000,28.00000000,28.98900000,6370726.75100000,6370726.75100000
2021-05-29,28.99300000,30.06600000,25.70000000,27.38800000,3911549.60000000,3911549.60000000
2021-05-30,27.40700000,29.78100000,25.58600000,28.58800000,3964240.91900000,3964240.91900000
2021-05-31,28.57300000,33.01400000,27.48900000,32.75000000,5173286.47100000,5173286.47100000
2021-06-01,32.75900000,33.28500000,29.85200000,30.93800000,4046865.20200000,4046865.20200000
2021-06-02,30.93100000,35.12900000,30.40200000,33.99400000,4549289.13300000,4549289.13300000
2021-06-03,33.99400000,41.52300000,33.73600000,39.60200000,7862225.09400000,7862225.09400000
2021-06-04,39.59900000,39.73700000,34.18700000,37.33800000,8825815.93800000,8825815.93800000
2021-06-05,37.35600000,42.78700000,36.98200000,39.63300000,8654823.19500000,8654823.19500000
2021-06-06,39.66300000,43.40000000,38.91200000,42.20500000,6151664.29400000,6151664.29400000
2021-06-07,42.20000000,44.20000000,37.80000000,38.23500000,8050031.33500000,8050031.33500000
2021-06-08,38.20000000,42.59600000,33.60000000,41.24500000,16902544.67500000,16902544.67500000
2021-06-09,41.24500000,44.00000000,39.29100000,42.03200000,10764252.93600000,10764252.93600000
2021-06-10,42.03200000,43.09700000,39.45900000,41.10500000,5155108.07100000,5155108.07100000
2021-06-11,41.09100000,41.37600000,35.07400000,36.15700000,4760990.07800000,4760990.07800000
2021-06-12,36.13100000,37.64000000,34.10000000,36.47600000,5196242.99800000,5196242.99800000
2021-06-13,36.49200000,39.44200000,34.72000000,38.70600000,4063329.11200000,4063329.11200000
2021-06-14,38.71300000,40.56100000,36.62700000,39.69400000,4590144.27900000,4590144.27900000
2021-06-15,39.70000000,41.74100000,39.15400000,39.53600000,3725999.56100000,3725999.56100000
2021-06-16,39.51300000,41.75000000,37.45500000,39.72800000,5055331.86800000,5055331.86800000
2021-06-17,39.73000000,41.26400000,38.21100000,39.26500000,3274621.97800000,3274621.97800000
2021-06-18,39.25900000,39.50200000,34.89800000,36.82000000,3777138.80600000,3777138.80600000
2021-06-19,36.80200000,37.31800000,34.90100000,35.19000000,2216638.02800000,2216638.02800000
2021-06-20,35.19500000,35.94900000,31.30000000,35.25700000,3938821.53000000,3938821.53000000
2021-06-21,35.24800000,35.49900000,25.92500000,26.59000000,8213916.62700000,8213916.62700000
2021-06-22,26.59700000,28.81300000,20.18700000,26.95800000,15788825.95600000,15788825.95600000
2021-06-23,26.95700000,32.90000000,25.62600000,30.83700000,11966311.25300000,11966311.25300000
2021-06-24,30.83500000,33.00000000,28.48100000,31.14100000,7214092.91200000,7214092.91200000
2021-06-25,31.14400000,32.98900000,27.94900000,28.64100000,7293143.17600000,7293143.17600000
2021-06-26,28.61900000,30.18100000,26.65900000,29.69800000,6492984.23400000,6492984.23400000
2021-06-27,29.69100000,31.95000000,29.18600000,31.89700000,5851211.91400000,5851211.91400000
2021-06-28,31.88300000,34.34000000,30.96100000,33.00100000,4996728.01300000,4996728.01300000
2021-06-29,33.01800000,35.83700000,32.66500000,33.97000000,4476285.79200000,4476285.79200000
2021-06-30,33.97400000,36.00000000,31.55500000,35.51000000,5361423.66500000,5361423.66500000
2021-07-01,35.51000000,35.56700000,32.17000000,33.27100000,4488924.89900000,4488924.89900000
2021-07-02,33.27000000,34.21700000,31.36700000,34.00000000,4324198.27600000,4324198.27600000
2021-07-03,34.00100000,35.40600000,33.21700000,34.49800000,3063406.14100000,3063406.14100000
2021-07-04,34.49700000,35.53100000,33.53300000,34.28000000,2972213.41800000,2972213.41800000
2021-07-05,34.27800000,34.49000000,32.37000000,32.90800000,3008984.08200000,3008984.08200000
2021-07-06,32.90800000,35.04100000,32.88300000,34.22600000,3289698.06100000,3289698.06100000
2021-07-07,34.22100000,38.10000000,33.82000000,36.67300000,4609258.55300000,4609258.55300000
2021-07-08,36.66700000,36.93400000,32.65400000,33.14200000,4495022.54000000,4495022.54000000
2021-07-09,33.13400000,34.46000000,31.97600000,33.31500000,2810263.60200000,2810263.60200000
2021-07-10,33.31500000,34.21500000,31.02500000,31.69300000,2838074.58600000,2838074.58600000
2021-07-11,31.71600000,32.56800000,31.30000000,32.18200000,1944815.80400000,1944815.80400000
2021-07-12,32.17300000,32.69600000,30.01100000,30.77000000,2251239.26900000,2251239.26900000
2021-07-13,30.77000000,31.09600000,28.81000000,29.13600000,1837132.43600000,1837132.43600000
2021-07-14,29.15400000,31.50000000,27.36300000,31.36500000,3434185.17800000,3434185.17800000
2021-07-15,31.36500000,31.48500000,27.97500000,28.54500000,3643011.52900000,3643011.52900000
2021-07-16,28.56200000,29.47800000,26.19600000,26.27100000,2923575.79200000,2923575.79200000
2021-07-17,26.26900000,27.83600000,25.97900000,26.80200000,2122389.10100000,2122389.10100000
2021-07-18,26.78900000,27.75600000,26.23300000,26.67300000,1727601.78800000,1727601.78800000
2021-07-19,26.67900000,26.71000000,23.97500000,24.50900000,3131177.97700000,3131177.97700000
2021-07-20,24.52400000,24.98200000,22.10000000,23.47400000,3555428.54200000,3555428.54200000
2021-07-21,23.48400000,27.46100000,22.80000000,26.70000000,4561993.00700000,4561993.00700000
2021-07-22,26.70600000,28.17000000,25.91000000,27.69900000,2643783.14400000,2643783.14400000
2021-07-23,27.70000000,28.71300000,26.38500000,28.51600000,3040520.32100000,3040520.32100000
2021-07-24,28.53000000,29.54800000,28.01300000,28.61600000,2678108.81000000,2678108.81000000
2021-07-25,28.62600000,28.89800000,26.50000000,28.24800000,2350991.53400000,2350991.53400000
2021-07-26,28.24700000,31.11500000,27.83000000,28.18400000,6221691.89700000,6221691.89700000
2021-07-27,28.18300000,28.95000000,26.89300000,28.10300000,3008374.75700000,3008374.75700000
2021-07-28,28.11900000,28.76000000,27.35400000,27.87500000,2329901.55900000,2329901.55900000
2021-07-29,27.89100000,31.88800000,27.31900000,31.23500000,3692050.44500000,3692050.44500000
2021-07-30,31.23800000,33.08400000,29.91000000,32.35400000,4970660.00900000,4970660.00900000
2021-07-31,32.35400000,37.00400000,31.65300000,36.74400000,4320145.53700000,4320145.53700000
2021-08-01,36.74200000,36.82200000,33.16500000,34.16500000,3490975.15800000,3490975.15800000
2021-08-02,34.17800000,35.95000000,33.00000000,33.16700000,3105881.29400000,3105881.29400000
2021-08-03,33.17700000,35.90000000,32.32700000,34.10500000,3490191.63800000,3490191.63800000
2021-08-04,34.09400000,36.65800000,33.23600000,35.76000000,2847838.66900000,2847838.66900000
2021-08-05,35.75700000,38.26700000,35.50000000,37.35300000,4059371.08300000,4059371.08300000
2021-08-06,37.35400000,40.40000000,35.61100000,39.52500000,3951317.57400000,3951317.57400000
2021-08-07,39.50200000,40.50000000,37.50200000,39.46900000,3561767.70100000,3561767.70100000
2021-08-08,39.45400000,39.54900000,36.89600000,37.65000000,2030535.72300000,2030535.72300000
2021-08-09,37.65300000,39.99900000,36.35100000,38.64600000,2128198.74100000,2128198.74100000
2021-08-10,38.64600000,41.67800000,38.18300000,40.64000000,2603195.66500000,2603195.66500000
2021-08-11,40.63900000,43.72900000,40.60500000,41.62100000,2512250.55500000,2512250.55500000
2021-08-12,41.61900000,43.40100000,39.31600000,41.10200000,2413664.41200000,2413664.41200000
2021-08-13,41.10500000,44.91100000,40.66800000,44.83000000,2281339.99000000,2281339.99000000
2021-08-14,44.85900000,44.87400000,42.72700000,44.14000000,1548818.72200000,1548818.72200000
2021-08-15,44.12400000,54.80000000,43.36100000,53.53100000,6264283.56500000,6264283.56500000
2021-08-16,53.51500000,69.13200000,52.26900000,62.01600000,15014364.92800000,15014364.92800000
2021-08-17,62.04200000,75.15500000,58.82200000,64.12300000,14953825.95000000,14953825.95000000
2021-08-18,64.13500000,80.50000000,59.72200000,72.66300000,15022132.45300000,15022132.45300000
2021-08-19,72.65900000,75.43600000,68.24000000,72.76400000,7819221.59800000,7819221.59800000
2021-08-20,72.80000000,80.00000000,70.87300000,78.64300000,5705076.72200000,5705076.72200000
2021-08-21,78.68400000,82.00000000,72.60000000,73.80100000,5131799.36200000,5131799.36200000
2021-08-22,73.85200000,77.60000000,71.24400000,72.77500000,2862187.05300000,2862187.05300000
2021-08-23,72.75100000,76.81000000,71.54500000,75.62300000,4150780.59500000,4150780.59500000
2021-08-24,75.64700000,79.45000000,68.50000000,70.52700000,6792636.13700000,6792636.13700000
2021-08-25,70.51900000,72.83000000,66.03000000,71.97300000,5069064.80400000,5069064.80400000
2021-08-26,71.98200000,78.30000000,66.20000000,74.92000000,6563670.74700000,6563670.74700000
2021-08-27,74.92000000,88.92000000,72.55000000,87.98000000,8785637.09300000,8785637.09300000
2021-08-28,87.98000000,97.82000000,85.59000000,96.22000000,5774371.25800000,5774371.25800000
2021-08-29,96.17000000,97.82000000,90.30000000,94.23000000,4171861.65000000,4171861.65000000
2021-08-30,94.23000000,116.84000000,93.58000000,110.25000000,11109542.61500000,11109542.61500000
2021-08-31,110.26000000,130.11000000,103.06000000,108.27000000,16509565.59200000,16509565.59200000
2021-09-01,108.27000000,119.72000000,105.89000000,110.71000000,8028303.79000000,8028303.79000000
2021-09-02,110.71000000,131.96000000,109.18000000,128.23000000,9206853.47200000,9206853.47200000
2021-09-03,128.20000000,148.99000000,128.12000000,146.40000000,11927061.37000000,11927061.37000000
2021-09-04,146.36000000,150.60000000,135.73000000,138.88000000,6134062.52600000,6134062.52600000
2021-09-05,138.88000000,144.99000000,134.74000000,142.00000000,4619885.42000000,4619885.42000000
2021-09-06,141.98000000,166.13000000,136.92000000,164.22000000,8435542.35300000,8435542.35300000
2021-09-07,164.19000000,195.48000000,128.01000000,173.46000000,24376489.01100000,24376489.01100000
2021-09-08,173.49000000,198.00000000,146.50000000,191.02000000,16666845.80000000,16666845.80000000
2021-09-09,191.02000000,216.00000000,180.70000000,187.90000000,16349677.82000000,16349677.82000000
2021-09-10,187.89000000,197.41000000,167.82000000,179.60000000,9055410.70000000,9055410.70000000
2021-09-11,179.60000000,193.51000000,175.14000000,179.04000000,6794663.25000000,6794663.25000000
2021-09-12,179.05000000,181.75000000,170.15000000,174.29000000,3661211.64000000,3661211.64000000
2021-09-13,174.31000000,175.00000000,150.30000000,169.53000000,8423839.46000000,8423839.46000000
2021-09-14,169.54000000,171.83000000,142.60000000,158.88000000,7981396.52000000,7981396.52000000
2021-09-15,158.72000000,166.50000000,153.69000000,158.79000000,6107319.60000000,6107319.60000000
2021-09-16,158.77000000,163.50000000,147.35000000,152.29000000,4739595.73000000,4739595.73000000
2021-09-17,152.30000000,153.55000000,134.00000000,147.58000000,7629925.55000000,7629925.55000000
2021-09-18,147.59000000,171.47000000,144.10000000,169.22000000,8229799.94000000,8229799.94000000
2021-09-19,169.22000000,170.96000000,150.60000000,152.76000000,4945800.10000000,4945800.10000000
2021-09-20,152.78000000,153.43000000,130.26000000,132.77000000,10153368.71000000,10153368.71000000
2021-09-21,132.77000000,144.64000000,116.00000000,124.29000000,9608867.72000000,9608867.72000000
2021-09-22,124.30000000,151.36000000,122.10000000,148.02000000,7460596.34000000,7460596.34000000
2021-09-23,148.02000000,152.50000000,142.92000000,149.91000000,5188932.77000000,5188932.77000000
2021-09-24,149.90000000,151.20000000,128.15000000,139.13000000,6710404.45000000,6710404.45000000
2021-09-25,139.11000000,144.18000000,133.54000000,136.06000000,3212733.31000000,3212733.31000000
2021-09-26,136.05000000,140.81000000,124.80000000,135.64000000,4342156.13000000,4342156.13000000
2021-09-27,135.70000000,148.92000000,133.72000000,136.35000000,5195624.27000000,5195624.27000000
2021-09-28,136.34000000,139.40000000,128.17000000,132.20000000,3899945.58000000,3899945.58000000
2021-09-29,132.22000000,140.17000000,131.12000000,135.25000000,3685498.28000000,3685498.28000000
2021-09-30,135.24000000,142.95000000,134.02000000,141.37000000,3361454.58000000,3361454.58000000
2021-10-01,141.38000000,164.95000000,138.25000000,161.56000000,6742166.88000000,6742166.88000000
2021-10-02,161.62000000,175.00000000,156.06000000,168.98000000,5059987.02000000,5059987.02000000
2021-10-03,169.00000000,177.79000000,165.58000000,172.98000000,4233767.25000000,4233767.25000000
2021-10-04,172.99000000,173.34000000,162.00000000,167.13000000,4312499.92000000,4312499.92000000
2021-10-05,167.13000000,170.18000000,159.68000000,164.62000000,3378441.71000000,3378441.71000000
2021-10-06,164.64000000,165.42000000,150.10000000,153.87000000,4499161.76000000,4499161.76000000
2021-10-07,153.90000000,161.42000000,150.34000000,154.26000000,3251376.58000000,3251376.58000000
2021-10-08,154.26000000,168.97000000,152.39000000,158.86000000,3735085.38000000,3735085.38000000
2021-10-09,158.88000000,161.54000000,154.18000000,156.84000000,1833309.02000000,1833309.02000000
2021-10-10,156.80000000,158.50000000,145.55000000,147.55000000,2037895.69000000,2037895.69000000
2021-10-11,147.56000000,154.00000000,140.24000000,144.77000000,2211323.14000000,2211323.14000000
2021-10-12,144.79000000,153.50000000,137.61000000,152.32000000,3377483.32000000,3377483.32000000
2021-10-13,152.35000000,155.56000000,144.28000000,148.04000000,2760546.00000000,2760546.00000000
2021-10-14,148.05000000,155.65000000,147.27000000,150.02000000,2654600.61000000,2654600.61000000
2021-10-15,150.01000000,165.75000000,146.68000000,163.18000000,5388612.07000000,5388612.07000000
2021-10-16,163.15000000,164.80000000,156.36000000,157.54000000,1985241.59000000,1985241.59000000
2021-10-17,157.54000000,167.65000000,153.13000000,160.12000000,3070422.13000000,3070422.13000000
2021-10-18,160.11000000,162.98000000,154.91000000,157.12000000,2240606.17000000,2240606.17000000
2021-10-19,157.12000000,159.45000000,153.06000000,155.78000000,1821550.17000000,1821550.17000000
2021-10-20,155.77000000,176.87000000,155.00000000,176.72000000,3884374.70000000,3884374.70000000
2021-10-21,176.72000000,194.21000000,176.70000000,190.50000000,7853710.77000000,7853710.77000000
2021-10-22,190.46000000,215.10000000,187.96000000,196.29000000,8364239.42000000,8364239.42000000
2021-10-23,196.29000000,205.78000000,191.86000000,197.75000000,3274703.05000000,3274703.05000000
2021-10-24,197.75000000,204.86000000,185.22000000,202.14000000,3573960.26000000,3573960.26000000
2021-10-25,202.15000000,218.93000000,198.00000000,209.70000000,4914479.29000000,4914479.29000000
2021-10-26,209.73000000,214.20000000,196.36000000,199.85000000,3168707.16000000,3168707.16000000
2021-10-27,199.87000000,205.49000000,176.94000000,184.49000000,5003626.21000000,5003626.21000000
2021-10-28,184.45000000,201.38000000,181.64000000,195.42000000,3503774.60000000,3503774.60000000
2021-10-29,195.37000000,205.22000000,194.45000000,200.41000000,2484214.02000000,2484214.02000000
2021-10-30,200.36000000,200.62000000,187.30000000,195.70000000,1609573.37000000,1609573.37000000
2021-10-31,195.69000000,205.00000000,185.31000000,202.49000000,2375757.35000000,2375757.35000000
2021-11-01,202.53000000,211.66000000,197.70000000,203.90000000,3150076.28000000,3150076.28000000
2021-11-02,203.91000000,222.22000000,200.97000000,220.82000000,2876704.54200000,2876704.54200000
2021-11-03,220.81000000,247.00000000,215.69000000,243.37000000,5253716.35200000,5253716.35200000
2021-11-04,243.37000000,250.50000000,234.00000000,247.07000000,3552648.58000000,3552648.58000000
2021-11-05,247.06000000,248.84000000,230.34000000,236.06000000,2233800.23000000,2233800.23000000
2021-11-06,236.04000000,259.90000000,234.79000000,258.44000000,3046062.46000000,3046062.46000000
2021-11-07,258.41000000,258.66000000,245.65000000,249.68000000,1923092.87000000,1923092.87000000
2021-11-08,249.62000000,253.30000000,240.68000000,248.26000000,2301351.76000000,2301351.76000000
2021-11-09,248.27000000,253.22000000,237.62000000,239.04000000,2217088.06000000,2217088.06000000
2021-11-10,239.06000000,248.00000000,217.50000000,233.09000000,3092477.23000000,3092477.23000000
2021-11-11,233.06000000,246.50000000,229.40000000,233.37000000,1997993.90000000,1997993.90000000
2021-11-12,233.34000000,239.09000000,220.83000000,228.48000000,2114721.23000000,2114721.23000000
2021-11-13,228.46000000,241.97000000,224.79000000,241.59000000,1458387.39000000,1458387.39000000
2021-11-14,241.58000000,242.00000000,230.40000000,238.64000000,1075144.87000000,1075144.87000000
2021-11-15,238.63000000,246.36000000,234.49000000,238.20000000,1921128.24000000,1921128.24000000
2021-11-16,238.18000000,238.21000000,213.81000000,219.04000000,2557623.67000000,2557623.67000000
2021-11-17,219.09000000,222.44000000,209.53000000,218.94000000,2094790.54000000,2094790.54000000
2021-11-18,218.90000000,222.78000000,186.50000000,195.01000000,3077799.94000000,3077799.94000000
2021-11-19,195.19000000,219.59000000,188.99000000,215.25000000,2712585.78000000,2712585.78000000
2021-11-20,215.25000000,221.17000000,205.84000000,217.63000000,1560552.25000000,1560552.25000000
2021-11-21,217.64000000,240.00000000,210.53000000,230.51000000,1888280.05000000,1888280.05000000
2021-11-22,230.56000000,231.99000000,211.60000000,215.59000000,2456703.81000000,2456703.81000000
2021-11-23,215.58000000,226.08000000,210.91000000,221.75000000,1654017.24000000,1654017.24000000
2021-11-24,221.76000000,222.47000000,200.14000000,205.70000000,1878172.55000000,1878172.55000000
2021-11-25,205.76000000,216.35000000,201.93000000,209.97000000,1764837.19000000,1764837.19000000
2021-11-26,209.94000000,210.53000000,182.70000000,192.42000000,2776105.44000000,2776105.44000000
2021-11-27,192.37000000,199.39000000,190.61000000,192.74000000,1028955.27000000,1028955.27000000
2021-11-28,192.74000000,202.10000000,180.93000000,200.69000000,1560980.85000000,1560980.85000000
2021-11-29,200.71000000,212.75000000,199.63000000,204.09000000,1458763.57000000,1458763.57000000
2021-11-30,204.10000000,218.28000000,199.55000000,208.53000000,2176734.39000000,2176734.39000000
2021-12-01,208.52000000,232.63000000,207.89000000,229.81000000,2589478.23000000,2589478.23000000
2021-12-02,229.81000000,243.12000000,220.00000000,233.60000000,3042712.67000000,3042712.67000000
2021-12-03,233.59000000,239.37000000,204.68000000,211.65000000,2867134.41000000,2867134.41000000
2021-12-04,211.65000000,212.62000000,169.00000000,200.67000000,4895759.09000000,4895759.09000000
2021-12-05,200.68000000,204.51000000,181.44000000,196.43000000,2482292.26000000,2482292.26000000
2021-12-06,196.49000000,197.71000000,176.17000000,193.56000000,2815245.83000000,2815245.83000000
2021-12-07,193.57000000,204.10000000,187.26000000,190.19000000,1939707.91000000,1939707.91000000
2021-12-08,190.24000000,196.27000000,183.50000000,194.61000000,1670677.66000000,1670677.66000000
2021-12-09,194.61000000,196.60000000,178.64000000,181.11000000,1664934.25000000,1664934.25000000
2021-12-10,181.08000000,184.60000000,167.00000000,167.39000000,1862906.90000000,1862906.90000000
2021-12-11,167.39000000,173.80000000,161.33000000,172.15000000,1541656.11000000,1541656.11000000
2021-12-12,172.15000000,176.85000000,167.64000000,172.80000000,976615.96000000,976615.96000000
2021-12-13,172.83000000,172.83000000,148.04000000,155.21000000,2470231.82000000,2470231.82000000
2021-12-14,155.20000000,163.35000000,149.60000000,161.26000000,2151408.98000000,2151408.98000000
2021-12-15,161.25000000,182.64000000,156.81000000,178.52000000,3328550.89000000,3328550.89000000
2021-12-16,178.53000000,189.00000000,174.37000000,176.86000000,2482901.38000000,2482901.38000000
2021-12-17,176.89000000,182.50000000,167.88000000,175.51000000,2308612.94000000,2308612.94000000
2021-12-18,175.48000000,184.24000000,170.96000000,182.78000000,1218448.99000000,1218448.99000000
2021-12-19,182.78000000,189.43000000,177.99000000,179.93000000,1217882.60000000,1217882.60000000
2021-12-20,179.90000000,181.18000000,168.49000000,173.90000000,1448185.80000000,1448185.80000000
2021-12-21,173.90000000,182.54000000,170.27000000,179.63000000,1302766.60000000,1302766.60000000
2021-12-22,179.62000000,187.55000000,177.05000000,178.40000000,1379639.45000000,1379639.45000000
2021-12-23,178.38000000,193.50000000,175.64000000,190.03000000,1726907.30000000,1726907.30000000
2021-12-24,190.08000000,197.55000000,184.14000000,190.36000000,1657463.56000000,1657463.56000000
2021-12-25,190.37000000,195.00000000,189.08000000,193.10000000,1047151.86000000,1047151.86000000
2021-12-26,193.03000000,200.59000000,190.22000000,197.81000000,1539530.03000000,1539530.03000000
2021-12-27,197.85000000,204.75000000,194.71000000,195.67000000,1218499.70000000,1218499.70000000
2021-12-28,195.68000000,195.68000000,176.20000000,177.32000000,1997243.20000000,1997243.20000000
2021-12-29,177.28000000,180.62000000,170.01000000,170.63000000,1540603.75000000,1540603.75000000
2021-12-30,170.65000000,175.74000000,168.17000000,172.52000000,1022709.31000000,1022709.31000000
2021-12-31,172.53000000,177.65000000,167.67000000,169.99000000,1026603.34000000,1026603.34000000
2022-01-01,170.01000000,179.20000000,169.93000000,179.06000000,634599.39000000,634599.39000000
2022-01-02,179.06000000,179.53000000,174.31000000,176.35000000,620087.38000000,620087.38000000
2022-01-03,176.34000000,176.49000000,166.59000000,170.15000000,1031316.43000000,1031316.43000000
2022-01-04,170.14000000,173.93000000,166.47000000,167.72000000,1041332.63000000,1041332.63000000
2022-01-05,167.74000000,171.32000000,144.92000000,154.52000000,1659848.17000000,1659848.17000000
2022-01-06,154.48000000,154.80000000,145.98000000,150.26000000,1575071.30000000,1575071.30000000
2022-01-07,150.28000000,150.72000000,133.08000000,136.45000000,2719397.30000000,2719397.30000000
2022-01-08,136.43000000,148.11000000,133.00000000,142.14000000,2695415.51000000,2695415.51000000
2022-01-09,142.10000000,145.71000000,137.83000000,140.82000000,1435153.15000000,1435153.15000000
2022-01-10,140.82000000,143.86000000,130.00000000,135.86000000,1894512.51000000,1894512.51000000
2022-01-11,135.84000000,143.50000000,133.58000000,140.20000000,1328579.57000000,1328579.57000000
2022-01-12,140.19000000,153.39000000,138.22000000,151.51000000,1946788.76000000,1946788.76000000
2022-01-13,151.50000000,157.80000000,145.41000000,146.14000000,1984121.59000000,1984121.59000000
2022-01-14,146.13000000,150.56000000,141.84000000,146.17000000,1428145.30000000,1428145.30000000
2022-01-15,146.18000000,149.49000000,143.90000000,147.64000000,865014.75000000,865014.75000000
2022-01-16,147.61000000,151.96000000,146.09000000,147.98000000,964270.14000000,964270.14000000
2022-01-17,147.98000000,148.29000000,137.02000000,139.80000000,1297654.14000000,1297654.14000000
2022-01-18,139.81000000,142.77000000,134.39000000,141.22000000,1254337.17000000,1254337.17000000
2022-01-19,141.32000000,142.70000000,132.77000000,135.25000000,1175171.39000000,1175171.39000000
2022-01-20,135.23000000,143.83000000,126.01000000,127.54000000,1464593.98000000,1464593.98000000
2022-01-21,127.54000000,128.73000000,106.11000000,112.27000000,4523020.69000000,4523020.69000000
2022-01-22,112.24000000,114.89000000,87.73000000,94.54000000,6455608.98000000,6455608.98000000
2022-01-23,94.57000000,104.82000000,93.25000000,99.78000000,3561751.04000000,3561751.04000000
2022-01-24,99.74000000,99.83000000,80.83000000,91.93000000,6990036.71000000,6990036.71000000
2022-01-25,91.94000000,99.95000000,87.41000000,94.67000000,3482711.32000000,3482711.32000000
2022-01-26,94.65000000,104.43000000,89.19000000,92.12000000,4501340.69000000,4501340.69000000
2022-01-27,92.11000000,94.60000000,85.71000000,89.51000000,3530017.76000000,3530017.76000000
2022-01-28,89.51000000,93.55000000,87.21000000,91.34000000,2647317.17000000,2647317.17000000
2022-01-29,91.35000000,98.93000000,90.50000000,96.13000000,2050891.76000000,2050891.76000000
2022-01-30,96.15000000,97.60000000,91.38000000,93.29000000,1258037.51000000,1258037.51000000
2022-01-31,93.26000000,101.40000000,89.18000000,99.49000000,2414101.55000000,2414101.55000000
2022-02-01,99.50000000,113.66000000,99.02000000,110.02000000,4190507.65000000,4190507.65000000
2022-02-02,109.99000000,112.35000000,96.99000000,101.88000000,4863358.10000000,4863358.10000000
2022-02-03,101.91000000,103.13000000,94.00000000,101.77000000,3886563.56000000,3886563.56000000
2022-02-04,101.83000000,112.81000000,100.28000000,112.62000000,4186388.28000000,4186388.28000000
2022-02-05,112.63000000,118.60000000,110.22000000,113.75000000,2649019.14000000,2649019.14000000
2022-02-06,113.74000000,116.06000000,111.09000000,115.28000000,1561795.12000000,1561795.12000000
2022-02-07,115.26000000,121.93000000,112.69000000,117.55000000,2730695.80000000,2730695.80000000
2022-02-08,117.57000000,120.36000000,109.66000000,113.45000000,2811497.50000000,2811497.50000000
2022-02-09,113.44000000,117.08000000,109.40000000,113.93000000,2114411.38000000,2114411.38000000
2022-02-10,113.96000000,115.38000000,105.68000000,106.17000000,2781581.77000000,2781581.77000000
2022-02-11,106.18000000,108.14000000,95.14000000,96.53000000,2537227.68000000,2537227.68000000
2022-02-12,96.53000000,99.79000000,92.80000000,95.96000000,1803930.67000000,1803930.67000000
2022-02-13,95.98000000,97.36000000,91.35000000,92.85000000,1216083.38000000,1216083.38000000
2022-02-14,92.85000000,97.99000000,90.72000000,96.37000000,1792721.30000000,1792721.30000000
2022-02-15,96.39000000,105.77000000,96.38000000,105.52000000,2362223.45000000,2362223.45000000
2022-02-16,105.52000000,105.60000000,98.27000000,101.86000000,2123159.11000000,2123159.11000000
2022-02-17,101.85000000,102.82000000,92.33000000,93.52000000,2001081.30000000,2001081.30000000
2022-02-18,93.55000000,96.37000000,89.31000000,89.86000000,2010076.65000000,2010076.65000000
2022-02-19,89.86000000,92.75000000,88.60000000,91.27000000,1285578.14000000,1285578.14000000
2022-02-20,91.27000000,94.50000000,85.56000000,90.72000000,2559473.54000000,2559473.54000000
2022-02-21,90.70000000,96.14000000,82.62000000,82.96000000,4063082.80000000,4063082.80000000
2022-02-22,82.95000000,87.56000000,81.06000000,86.38000000,2835554.36000000,2835554.36000000
2022-02-23,86.39000000,93.40000000,84.38000000,84.59000000,3193694.10000000,3193694.10000000
2022-02-24,84.58000000,93.90000000,75.35000000,89.36000000,7497540.08000000,7497540.08000000
2022-02-25,89.35000000,95.00000000,86.86000000,92.71000000,3691896.58000000,3691896.58000000
2022-02-26,92.73000000,95.49000000,89.23000000,90.23000000,2279602.17000000,2279602.17000000
2022-02-27,90.25000000,92.19000000,84.08000000,85.63000000,2593533.97000000,2593533.97000000
2022-02-28,85.61000000,103.00000000,84.17000000,99.68000000,4212075.57000000,4212075.57000000
2022-03-01,99.67000000,102.03000000,94.21000000,98.66000000,3665336.76000000,3665336.76000000
2022-03-02,98.65000000,106.43000000,96.76000000,100.68000000,4306326.64000000,4306326.64000000
2022-03-03,100.69000000,101.70000000,94.00000000,95.62000000,2595560.67000000,2595560.67000000
2022-03-04,95.63000000,95.94000000,87.00000000,88.32000000,2854970.19000000,2854970.19000000
2022-03-05,88.33000000,91.22000000,86.00000000,89.63000000,1495553.50000000,1495553.50000000
2022-03-06,89.61000000,89.96000000,84.09000000,84.57000000,1828270.57000000,1828270.57000000
2022-03-07,84.58000000,86.71000000,79.92000000,81.66000000,3230989.34000000,3230989.34000000
2022-03-08,81.65000000,85.04000000,81.30000000,82.32000000,2604534.79000000,2604534.79000000
2022-03-09,82.32000000,89.92000000,81.90000000,88.06000000,3355218.73000000,3355218.73000000
2022-03-10,88.06000000,88.57000000,80.63000000,82.87000000,2828491.21000000,2828491.21000000
2022-03-11,82.86000000,84.29000000,80.07000000,80.67000000,2528334.85000000,2528334.85000000
2022-03-12,80.67000000,82.75000000,80.57000000,81.38000000,1362268.13000000,1362268.13000000
2022-03-13,81.40000000,83.34000000,77.65000000,78.73000000,2009434.97000000,2009434.97000000
2022-03-14,78.72000000,82.29000000,78.00000000,81.22000000,2079919.39000000,2079919.39000000
2022-03-15,81.23000000,85.99000000,78.72000000,82.84000000,2123603.37000000,2123603.37000000
2022-03-16,82.84000000,87.98000000,81.53000000,87.77000000,2638790.33000000,2638790.33000000
2022-03-17,87.77000000,91.00000000,86.58000000,87.80000000,2616451.80000000,2616451.80000000
2022-03-18,87.80000000,92.28000000,84.41000000,89.80000000,2935949.01000000,2935949.01000000
2022-03-19,89.81000000,94.55000000,89.25000000,92.31000000,2058348.96000000,2058348.96000000
2022-03-20,92.31000000,92.55000000,87.82000000,88.62000000,1500458.29000000,1500458.29000000
2022-03-21,88.62000000,91.28000000,86.74000000,88.59000000,1985082.57000000,1985082.57000000
2022-03-22,88.58000000,93.98000000,88.00000000,90.43000000,2611345.56000000,2611345.56000000
2022-03-23,90.44000000,96.36000000,89.19000000,94.89000000,2854825.20000000,2854825.20000000
2022-03-24,94.88000000,103.70000000,93.26000000,102.32000000,4777008.51000000,4777008.51000000
2022-03-25,102.32000000,104.86000000,96.95000000,98.60000000,3360440.57000000,3360440.57000000
2022-03-26,98.60000000,103.40000000,97.63000000,101.73000000,1906343.44000000,1906343.44000000
2022-03-27,101.73000000,107.46000000,98.77000000,107.04000000,2351080.64000000,2351080.64000000
2022-03-28,107.04000000,113.87000000,105.22000000,105.75000000,4146023.22000000,4146023.22000000
2022-03-29,105.75000000,115.70000000,105.49000000,111.62000000,3727259.92000000,3727259.92000000
2022-03-30,111.62000000,125.26000000,107.11000000,120.82000000,5250424.16000000,5250424.16000000
2022-03-31,120.82000000,129.50000000,119.95000000,122.77000000,5143974.90000000,5143974.90000000
2022-04-01,122.79000000,138.40000000,117.39000000,134.52000000,5505077.63000000,5505077.63000000
2022-04-02,134.53000000,143.51000000,131.47000000,132.49000000,4193984.20000000,4193984.20000000
2022-04-03,132.48000000,141.11000000,130.52000000,136.90000000,2964507.05000000,2964507.05000000
2022-04-04,136.90000000,138.29000000,125.82000000,132.14000000,3456901.43000000,3456901.43000000
2022-04-05,132.14000000,136.63000000,126.07000000,126.87000000,2833885.54000000,2833885.54000000
2022-04-06,126.88000000,127.40000000,112.10000000,112.95000000,4266870.20000000,4266870.20000000
2022-04-07,112.94000000,120.00000000,110.88000000,118.48000000,3326346.75000000,3326346.75000000
2022-04-08,118.47000000,122.42000000,108.10000000,109.92000000,3328966.49000000,3328966.49000000
2022-04-09,109.92000000,113.69000000,108.28000000,112.96000000,1376896.77000000,1376896.77000000
2022-04-10,112.97000000,116.09000000,109.71000000,111.07000000,1560720.04000000,1560720.04000000
2022-04-11,111.06000000,111.94000000,98.10000000,99.67000000,3332133.13000000,3332133.13000000
2022-04-12,99.64000000,109.36000000,98.31000000,103.22000000,3527634.19000000,3527634.19000000
2022-04-13,103.21000000,106.04000000,100.09000000,104.94000000,2204306.40000000,2204306.40000000
2022-04-14,104.92000000,107.72000000,98.77000000,100.77000000,2711073.76000000,2711073.76000000
2022-04-15,100.77000000,102.91000000,99.55000000,101.31000000,1384490.37000000,1384490.37000000
2022-04-16,101.38000000,103.50000000,100.71000000,102.06000000,1006216.36000000,1006216.36000000
2022-04-17,102.06000000,105.44000000,99.62000000,100.15000000,1509800.04000000,1509800.04000000
2022-04-18,100.15000000,102.65000000,94.62000000,102.33000000,2751434.83000000,2751434.83000000
2022-04-19,102.37000000,109.00000000,101.02000000,108.51000000,2675360.43000000,2675360.43000000
2022-04-20,108.51000000,110.90000000,104.25000000,105.59000000,2768156.81000000,2768156.81000000
2022-04-21,105.58000000,110.00000000,99.86000000,101.78000000,2671646.36000000,2671646.36000000
2022-04-22,101.78000000,103.55000000,99.19000000,100.55000000,1777613.85000000,1777613.85000000
2022-04-23,100.55000000,102.90000000,98.31000000,100.63000000,1081628.14000000,1081628.14000000
2022-04-24,100.63000000,102.31000000,98.55000000,99.23000000,1064136.15000000,1064136.15000000
2022-04-25,99.22000000,101.59000000,94.32000000,100.99000000,2317293.80000000,2317293.80000000
2022-04-26,100.98000000,101.98000000,94.61000000,95.70000000,1897735.14000000,1897735.14000000
2022-04-27,95.70000000,100.79000000,94.89000000,98.36000000,1833742.63000000,1833742.63000000
2022-04-28,98.35000000,100.55000000,96.33000000,98.24000000,1849394.04000000,1849394.04000000
2022-04-29,98.23000000,98.68000000,92.35000000,93.96000000,1736234.87000000,1736234.87000000
2022-04-30,93.96000000,94.95000000,81.91000000,84.63000000,1829537.27000000,1829537.27000000
2022-05-01,84.63000000,93.12000000,84.15000000,89.68000000,2353897.93000000,2353897.93000000
2022-05-02,89.67000000,90.89000000,85.10000000,87.50000000,1915805.97000000,1915805.97000000
2022-05-03,87.49000000,88.81000000,84.66000000,85.86000000,1562366.45000000,1562366.45000000
2022-05-04,85.86000000,93.06000000,85.47000000,92.77000000,2246070.16000000,2246070.16000000
2022-05-05,92.77000000,95.25000000,81.32000000,84.52000000,3311421.92000000,3311421.92000000
2022-05-06,84.52000000,84.84000000,79.98000000,81.68000000,2607225.81000000,2607225.81000000
2022-05-07,81.67000000,82.33000000,77.03000000,78.86000000,1906773.25000000,1906773.25000000
2022-05-08,78.86000000,79.41000000,73.69000000,75.38000000,2736836.40000000,2736836.40000000
2022-05-09,75.39000000,77.21000000,61.70000000,62.16000000,5846036.68200000,5846036.68200000
2022-05-10,62.16000000,74.03000000,60.13000000,66.90000000,7855041.33100000,7855041.33100000
2022-05-11,66.90000000,68.44000000,43.17000000,50.90000000,11626123.02100000,11626123.02100000
2022-05-12,50.90000000,54.29000000,37.37000000,44.64000000,13635820.46500000,13635820.46500000
2022-05-13,44.64000000,56.99000000,43.83000000,48.92000000,8718594.50000000,8718594.50000000
2022-05-14,48.93000000,53.91000000,45.81000000,52.43000000,5099487.21000000,5099487.21000000
2022-05-15,52.43000000,59.31000000,49.63000000,58.83000000,3885558.77000000,3885558.77000000
2022-05-16,58.83000000,58.83000000,51.89000000,53.79000000,5418221.63000000,5418221.63000000
2022-05-17,53.80000000,58.22000000,53.04000000,57.02000000,4346066.59000000,4346066.59000000
2022-05-18,57.01000000,57.85000000,49.38000000,49.93000000,4470848.03000000,4470848.03000000
2022-05-19,49.93000000,54.09000000,48.20000000,52.20000000,4794335.94000000,4794335.94000000
2022-05-20,52.20000000,53.62000000,47.81000000,49.43000000,4811635.67000000,4811635.67000000
2022-05-21,49.42000000,51.21000000,48.43000000,50.31000000,1969104.94000000,1969104.94000000
2022-05-22,50.30000000,53.20000000,49.69000000,52.48000000,2723718.45000000,2723718.45000000
2022-05-23,52.48000000,54.68000000,48.61000000,49.17000000,4201654.88000000,4201654.88000000
2022-05-24,49.17000000,50.85000000,47.10000000,49.67000000,3645448.65000000,3645448.65000000
2022-05-25,49.67000000,50.55000000,47.57000000,47.98000000,3294918.76000000,3294918.76000000
2022-05-26,47.97000000,48.66000000,41.69000000,43.44000000,7025986.74000000,7025986.74000000
2022-05-27,43.44000000,43.95000000,39.93000000,41.17000000,7547814.80000000,7547814.80000000
2022-05-28,41.18000000,45.08000000,40.33000000,44.25000000,4317517.06000000,4317517.06000000
2022-05-29,44.24000000,45.67000000,41.79000000,44.98000000,4628871.10000000,4628871.10000000
2022-05-30,44.98000000,48.39000000,44.27000000,47.22000000,5476313.14000000,5476313.14000000
2022-05-31,47.22000000,48.24000000,44.56000000,45.77000000,4479536.73000000,4479536.73000000
2022-06-01,45.78000000,46.12000000,39.51000000,40.11000000,4778696.94000000,4778696.94000000
2022-06-02,40.11000000,41.65000000,38.13000000,40.85000000,5153870.27000000,5153870.27000000
2022-06-03,40.86000000,41.54000000,37.63000000,38.28000000,4437324.64000000,4437324.64000000
2022-06-04,38.28000000,39.50000000,35.71000000,39.00000000,3736176.79000000,3736176.79000000
2022-06-05,39.02000000,40.22000000,37.85000000,38.52000000,3618511.38000000,3618511.38000000
2022-06-06,38.53000000,44.87000000,38.33000000,42.39000000,6823258.30000000,6823258.30000000
2022-06-07,42.39000000,42.80000000,37.12000000,39.31000000,7677286.83000000,7677286.83000000
2022-06-08,39.32000000,40.96000000,38.28000000,38.83000000,3988154.30000000,3988154.30000000
2022-06-09,38.83000000,41.97000000,38.44000000,39.96000000,4587327.75000000,4587327.75000000
2022-06-10,39.96000000,40.90000000,36.80000000,37.17000000,4364643.34000000,4364643.34000000
2022-06-11,37.17000000,37.93000000,33.17000000,33.93000000,4638154.31700000,4638154.31700000
2022-06-12,33.94000000,34.50000000,30.56000000,30.61000000,6810748.10400000,6810748.10400000
2022-06-13,30.60000000,31.11000000,26.05000000,28.60000000,13336972.46600000,13336972.46600000
2022-06-14,28.59000000,32.32000000,25.86000000,29.59000000,11437619.27000000,11437619.27000000
2022-06-15,29.59000000,34.86000000,26.79000000,34.76000000,12673444.09000000,12673444.09000000
2022-06-16,34.75000000,36.00000000,29.52000000,30.12000000,10418712.66000000,10418712.66000000
2022-06-17,30.12000000,32.19000000,29.26000000,30.71000000,6274370.50000000,6274370.50000000
2022-06-18,30.72000000,32.06000000,27.15000000,32.02000000,9330644.34000000,9330644.34000000
2022-06-19,32.01000000,35.40000000,28.68000000,34.19000000,9253122.78000000,9253122.78000000
2022-06-20,34.19000000,36.90000000,31.73000000,35.24000000,8218146.80000000,8218146.80000000
2022-06-21,35.25000000,39.19000000,34.20000000,36.42000000,7429098.76000000,7429098.76000000
2022-06-22,36.42000000,36.87000000,33.65000000,34.12000000,6494707.01000000,6494707.01000000
2022-06-23,34.13000000,38.65000000,33.91000000,38.15000000,7002610.45000000,7002610.45000000
2022-06-24,38.15000000,42.92000000,37.67000000,41.91000000,6583046.23000000,6583046.23000000
2022-06-25,41.91000000,42.64000000,39.73000000,42.22000000,4294211.07000000,4294211.07000000
2022-06-26,42.22000000,42.49000000,39.14000000,39.39000000,4024143.84000000,4024143.84000000
2022-06-27,39.39000000,41.25000000,37.90000000,38.52000000,4172937.40000000,4172937.40000000
2022-06-28,38.50000000,39.90000000,35.02000000,35.35000000,5581335.85000000,5581335.85000000
2022-06-29,35.34000000,36.12000000,33.10000000,34.05000000,5755278.44000000,5755278.44000000
2022-06-30,34.06000000,34.20000000,30.92000000,33.76000000,5337105.46000000,5337105.46000000
2022-07-01,33.76000000,35.40000000,31.82000000,32.84000000,6155756.76000000,6155756.76000000
2022-07-02,32.85000000,34.14000000,31.87000000,33.36000000,2740500.19000000,2740500.19000000
2022-07-03,33.36000000,33.77000000,32.14000000,33.39000000,2394572.39000000,2394572.39000000
2022-07-04,33.40000000,36.94000000,32.45000000,36.71000000,4064615.13000000,4064615.13000000
2022-07-05,36.71000000,36.99000000,33.03000000,35.40000000,6098472.04000000,6098472.04000000
2022-07-06,35.41000000,37.65000000,34.80000000,37.04000000,5298552.90000000,5298552.90000000
2022-07-07,37.04000000,39.29000000,36.39000000,38.46000000,4091777.28000000,4091777.28000000
2022-07-08,38.46000000,39.72000000,36.46000000,38.12000000,5277992.76000000,5277992.76000000
2022-07-09,38.12000000,38.95000000,37.77000000,38.06000000,2088073.86000000,2088073.86000000
2022-07-10,38.06000000,38.14000000,36.26000000,36.71000000,2181587.60000000,2181587.60000000
2022-07-11,36.71000000,36.73000000,33.24000000,33.42000000,2927967.37000000,2927967.37000000
2022-07-12,33.42000000,34.61000000,32.60000000,32.68000000,3202970.40000000,3202970.40000000
2022-07-13,32.69000000,35.08000000,31.82000000,34.94000000,4798032.13000000,4798032.13000000
2022-07-14,34.94000000,37.31000000,33.58000000,37.15000000,5214767.02000000,5214767.02000000
2022-07-15,37.14000000,39.10000000,36.49000000,37.36000000,4440629.04000000,4440629.04000000
2022-07-16,37.36000000,40.41000000,36.35000000,39.58000000,3945225.20000000,3945225.20000000
2022-07-17,39.59000000,41.09000000,38.29000000,38.62000000,3795951.41000000,3795951.41000000
2022-07-18,38.61000000,44.07000000,38.55000000,43.52000000,6300282.95000000,6300282.95000000
2022-07-19,43.52000000,47.36000000,42.54000000,44.87000000,7876651.82000000,7876651.82000000
2022-07-20,44.87000000,46.30000000,41.24000000,42.04000000,6380441.74000000,6380441.74000000
2022-07-21,42.03000000,44.24000000,39.64000000,43.11000000,6134099.29000000,6134099.29000000
2022-07-22,43.10000000,44.33000000,40.03000000,40.54000000,4495729.55000000,4495729.55000000
2022-07-23,40.54000000,41.91000000,38.60000000,39.97000000,3421971.49000000,3421971.49000000
2022-07-24,39.97000000,42.10000000,39.47000000,40.93000000,3327219.47000000,3327219.47000000
2022-07-25,40.93000000,41.09000000,36.56000000,36.65000000,4237919.99000000,4237919.99000000
2022-07-26,36.66000000,36.84000000,34.67000000,36.25000000,4496178.57000000,4496178.57000000
2022-07-27,36.26000000,40.55000000,35.68000000,40.23000000,5860676.17000000,5860676.17000000
2022-07-28,40.23000000,44.15000000,39.03000000,42.91000000,6754342.15000000,6754342.15000000
2022-07-29,42.92000000,44.42000000,41.13000000,41.91000000,4949319.15000000,4949319.15000000
2022-07-30,41.92000000,46.65000000,41.41000000,43.84000000,5388479.30000000,5388479.30000000
2022-07-31,43.84000000,45.21000000,42.22000000,42.35000000,3287571.37000000,3287571.37000000
2022-08-01,42.34000000,43.26000000,40.57000000,41.65000000,3302835.44000000,3302835.44000000
2022-08-02,41.65000000,42.11000000,41.04000000,41.10000000,158832.09000000,158832.09000000
